Las columnas son: 
Iteración 	Energía Potencial	Energia Cínetica	Energia Mecanica total
1 	2770151.3 	1397310.8 	4167462.1 	
2 	2763433.4 	1393729.8 	4157163.2 	
3 	2761351.7 	1386352.5 	4147704.2 	
4 	2762742.4 	1382966.5 	4145708.9 	
5 	2754142.2 	1426646.9 	4180789.1 	
6 	2749776.9 	1426366.2 	4176143.0 	
7 	2750625.7 	1425773.1 	4176398.7 	
8 	2751941.7 	1422262.3 	4174204.0 	
9 	2751359.6 	1423911.0 	4175270.6 	
10 	2751064.7 	1420661.4 	4171726.1 	
11 	2752773.1 	1415949.6 	4168722.7 	
12 	2749640.9 	1424270.7 	4173911.6 	
13 	2748211.3 	1420827.5 	4169038.8 	
14 	2747941.3 	1417331.6 	4165272.9 	
15 	2745370.5 	1416127.7 	4161498.2 	
16 	2748334.2 	1412193.5 	4160527.7 	
17 	2744132.0 	1431085.3 	4175217.3 	
18 	2744690.3 	1437228.0 	4181918.3 	
19 	2754009.9 	1441317.3 	4195327.2 	
20 	2745028.8 	1542841.3 	4287870.0 	
21 	2747053.8 	1540793.1 	4287846.9 	
22 	2753220.7 	1540865.7 	4294086.4 	
23 	2748243.3 	1573750.0 	4321993.4 	
24 	2743571.7 	1574279.0 	4317850.7 	
25 	2744425.8 	1570216.3 	4314642.1 	
26 	2747973.9 	1571705.6 	4319679.6 	
27 	2750076.4 	1586789.7 	4336866.1 	
28 	2748346.0 	1599320.5 	4347666.5 	
29 	2751301.5 	1599748.9 	4351050.4 	
30 	2756335.5 	1601575.6 	4357911.0 	
31 	2753245.6 	1607413.4 	4360659.1 	
32 	2753949.0 	1605633.6 	4359582.6 	
33 	2753369.6 	1607360.0 	4360729.6 	
34 	2757017.6 	1604004.9 	4361022.5 	
35 	2756334.4 	1616227.0 	4372561.3 	
36 	2749394.0 	1671343.7 	4420737.6 	
37 	2748804.8 	1669327.2 	4418131.9 	
38 	2751110.8 	1666927.5 	4418038.3 	
39 	2752367.5 	1674958.9 	4427326.4 	
40 	2758868.7 	1678376.4 	4437245.1 	
41 	2753163.8 	1686983.2 	4440147.0 	
42 	2746946.4 	1694566.2 	4441512.5 	
43 	2745722.3 	1690553.9 	4436276.2 	
44 	2746666.3 	1688816.6 	4435482.9 	
45 	2754090.2 	1689561.2 	4443651.4 	
46 	2753170.3 	1724592.5 	4477762.8 	
47 	2754690.0 	1725724.4 	4480414.4 	
48 	2752867.2 	1720551.1 	4473418.3 	
49 	2757659.4 	1718309.0 	4475968.4 	
50 	2745347.7 	2019285.9 	4764633.6 	
51 	2747516.9 	2019209.8 	4766726.6 	
52 	2740948.7 	2024018.3 	4764966.9 	
53 	2740894.7 	2018308.5 	4759203.2 	
54 	2745882.1 	2019206.3 	4765088.4 	
55 	2742102.1 	2042096.1 	4784198.2 	
56 	2745084.3 	2040127.5 	4785211.8 	
57 	2755504.1 	2042406.1 	4797910.3 	
58 	2782431.5 	2173986.6 	4956418.1 	
59 	2724209.0 	79108450.2 	81832659.2 	
60 	2718629.7 	79102736.5 	81821366.2 	
61 	2713482.0 	79094986.2 	81808468.2 	
62 	2709035.0 	79096642.5 	81805677.4 	
63 	2708158.9 	79101882.9 	81810041.8 	
64 	2698015.5 	79098896.6 	81796912.0 	
65 	2694742.1 	79091011.8 	81785753.9 	
66 	2697411.6 	79088911.9 	81786323.5 	
67 	2694681.9 	79095234.2 	81789916.0 	
68 	2693008.3 	79092333.9 	81785342.2 	
69 	2692876.1 	79089063.2 	81781939.4 	
70 	2700261.8 	79087057.7 	81787319.5 	
71 	2686706.9 	79136634.6 	81823341.5 	
72 	2686156.3 	79129358.0 	81815514.3 	
73 	2684000.1 	79129812.3 	81813812.4 	
74 	2682938.2 	79128077.1 	81811015.3 	
75 	2684008.2 	79129445.3 	81813453.5 	
76 	2681640.9 	79130150.7 	81811791.6 	
77 	2680079.5 	79130617.8 	81810697.3 	
78 	2672586.9 	79122218.3 	81794805.1 	
79 	2668156.9 	79122780.0 	81790936.9 	
80 	2665368.8 	79124330.5 	81789699.3 	
81 	2661534.0 	79116807.2 	81778341.2 	
82 	2657026.3 	79111598.1 	81768624.3 	
83 	2653580.2 	79104845.9 	81758426.1 	
84 	2649964.4 	79099253.4 	81749217.8 	
85 	2643435.8 	79094641.3 	81738077.2 	
86 	2637270.1 	79082484.0 	81719754.1 	
87 	2631504.7 	79080399.3 	81711904.0 	
88 	2634933.8 	79078289.9 	81713223.7 	
89 	2623330.6 	79224162.1 	81847492.6 	
90 	2618040.6 	79217349.9 	81835390.6 	
91 	2613155.5 	79209562.4 	81822717.9 	
92 	2611971.7 	79203393.2 	81815364.8 	
93 	2611806.6 	79210496.6 	81822303.2 	
94 	2605837.8 	79212758.3 	81818596.1 	
95 	2604376.8 	79204580.3 	81808957.2 	
96 	2596223.5 	79226261.2 	81822484.7 	
97 	2596167.6 	79221882.0 	81818049.5 	
98 	2591770.7 	79220722.6 	81812493.3 	
99 	2584490.9 	79207590.8 	81792081.7 	
100 	2580163.1 	79201902.6 	81782065.6 	
101 	2578667.6 	79195030.9 	81773698.5 	
102 	2578980.0 	79197218.7 	81776198.7 	
103 	2570494.9 	79216872.5 	81787367.4 	
104 	2567879.7 	79210953.5 	81778833.1 	
105 	2569588.2 	79209180.4 	81778768.6 	
106 	2561019.9 	79214220.3 	81775240.2 	
107 	2557334.7 	79205467.6 	81762802.3 	
108 	2553437.2 	79195892.6 	81749329.8 	
109 	2548590.4 	79195046.0 	81743636.4 	
110 	2543159.6 	79187994.4 	81731153.9 	
111 	2536642.5 	79181274.5 	81717917.0 	
112 	2531865.2 	79173340.7 	81705205.8 	
113 	2524774.9 	79169526.8 	81694301.6 	
114 	2521626.2 	79165337.0 	81686963.2 	
115 	2514587.4 	79155327.2 	81669914.6 	
116 	2509684.2 	79153262.4 	81662946.7 	
117 	2499712.0 	79164400.1 	81664112.0 	
118 	2488770.9 	79172890.2 	81661661.1 	
119 	2482329.3 	79165147.0 	81647476.3 	
120 	2477122.6 	79157228.8 	81634351.4 	
121 	2471509.4 	79151571.9 	81623081.2 	
122 	2467165.3 	79144588.4 	81611753.6 	
123 	2460874.0 	79139509.9 	81600383.9 	
124 	2457458.9 	79133186.0 	81590645.0 	
125 	2455914.8 	79130290.1 	81586204.9 	
126 	2451512.3 	79124601.6 	81576113.9 	
127 	2448831.0 	79119446.3 	81568277.3 	
128 	2446111.7 	79116017.6 	81562129.3 	
129 	2433950.9 	79111632.7 	81545583.6 	
130 	2428008.3 	79102810.3 	81530818.7 	
131 	2423033.4 	79096235.1 	81519268.5 	
132 	2420757.7 	79092677.7 	81513435.4 	
133 	2418382.3 	79088211.5 	81506593.8 	
134 	2416556.0 	79085528.4 	81502084.4 	
135 	2413184.2 	79083400.5 	81496584.7 	
136 	2408613.7 	79081575.7 	81490189.4 	
137 	2408984.9 	79078827.3 	81487812.2 	
138 	2410022.4 	79072397.6 	81482420.0 	
139 	2402689.4 	79117175.7 	81519865.1 	
140 	2401251.8 	79113253.1 	81514504.9 	
141 	2399123.0 	79110896.2 	81510019.1 	
142 	2395874.0 	79104310.0 	81500183.9 	
143 	2391902.2 	79099149.5 	81491051.7 	
144 	2385397.3 	79092281.3 	81477678.6 	
145 	2381383.5 	79083988.9 	81465372.4 	
146 	2379736.9 	79082261.1 	81461998.0 	
147 	2375530.6 	79076419.0 	81451949.6 	
148 	2372954.8 	79071011.5 	81443966.3 	
149 	2373772.4 	79069577.5 	81443349.9 	
150 	2365134.4 	79072252.9 	81437387.3 	
151 	2362215.1 	79068173.5 	81430388.5 	
152 	2355334.8 	79068177.4 	81423512.2 	
153 	2346184.7 	79070354.1 	81416538.8 	
154 	2341509.2 	79063268.8 	81404778.0 	
155 	2336912.1 	79058551.5 	81395463.6 	
156 	2331972.8 	79051611.0 	81383583.8 	
157 	2328031.5 	79046160.5 	81374192.1 	
158 	2325675.4 	79041945.6 	81367621.0 	
159 	2323587.6 	79037985.1 	81361572.7 	
160 	2317634.7 	79036757.9 	81354392.6 	
161 	2313862.6 	79030979.2 	81344841.7 	
162 	2311549.4 	79026924.9 	81338474.2 	
163 	2309504.6 	79024275.7 	81333780.3 	
164 	2306734.4 	79018671.4 	81325405.9 	
165 	2308831.6 	79014964.5 	81323796.1 	
166 	2302433.7 	79072230.7 	81374664.4 	
167 	2305811.8 	79070003.9 	81375815.7 	
168 	2302638.3 	79102167.9 	81404806.2 	
169 	2299165.1 	79107570.2 	81406735.4 	
170 	2302127.3 	79106568.9 	81408696.2 	
171 	2293961.8 	79110267.5 	81404229.2 	
172 	2291153.1 	79103086.4 	81394239.5 	
173 	2285380.6 	79098922.3 	81384302.9 	
174 	2282593.7 	79093729.1 	81376322.7 	
175 	2290674.2 	79092178.2 	81382852.4 	
176 	2274095.9 	79893575.7 	82167671.6 	
177 	2279841.6 	79887795.8 	82167637.4 	
178 	2262767.4 	80130797.0 	82393564.4 	
179 	2257336.9 	80130650.2 	82387987.2 	
180 	2256561.8 	80126303.3 	82382865.1 	
181 	2247370.5 	80117485.4 	82364855.9 	
182 	2242721.0 	80109431.9 	82352152.9 	
183 	2240443.2 	80107882.1 	82348325.3 	
184 	2230719.4 	80145712.7 	82376432.1 	
185 	2225327.4 	80137285.2 	82362612.6 	
186 	2222536.9 	80131199.5 	82353736.3 	
187 	2216650.0 	80129357.7 	82346007.7 	
188 	2208768.9 	80121965.3 	82330734.2 	
189 	2203837.3 	80114833.2 	82318670.5 	
190 	2199769.5 	80109724.5 	82309494.0 	
191 	2196678.3 	80104983.2 	82301661.5 	
192 	2191987.7 	80100554.8 	82292542.5 	
193 	2187779.0 	80092380.7 	82280159.7 	
194 	2181631.0 	80091831.3 	82273462.4 	
195 	2178756.4 	80087041.2 	82265797.6 	
196 	2182419.0 	80083702.4 	82266121.3 	
197 	2172134.4 	80220550.3 	82392684.7 	
198 	2169480.9 	80216990.7 	82386471.6 	
199 	2166052.5 	80212074.5 	82378127.0 	
200 	2162650.7 	80208353.5 	82371004.2 	
201 	2159935.6 	80207301.1 	82367236.7 	
202 	2152949.4 	80197127.9 	82350077.3 	
203 	2150551.0 	80187534.6 	82338085.6 	
204 	2139997.3 	80217010.8 	82357008.1 	
205 	2136475.8 	80209616.9 	82346092.6 	
206 	2131750.8 	80213184.0 	82344934.8 	
207 	2122172.9 	80229956.9 	82352129.7 	
208 	2117062.3 	80224503.5 	82341565.9 	
209 	2114090.2 	80217376.4 	82331466.6 	
210 	2114033.1 	80219283.6 	82333316.7 	
211 	2102951.1 	80427051.4 	82530002.5 	
212 	2098314.6 	80426717.3 	82525031.9 	
213 	2095674.6 	80422572.9 	82518247.5 	
214 	2096936.0 	80419507.8 	82516443.8 	
215 	2087774.4 	80470692.2 	82558466.6 	
216 	2084905.0 	80466742.1 	82551647.1 	
217 	2086445.8 	80460834.1 	82547279.9 	
218 	2078976.6 	80528395.4 	82607372.0 	
219 	2074185.8 	80528700.1 	82602885.9 	
220 	2071065.3 	80520326.6 	82591391.9 	
221 	2065975.7 	80512937.1 	82578912.8 	
222 	2063628.5 	80509440.7 	82573069.2 	
223 	2057724.7 	80506637.8 	82564362.5 	
224 	2050882.7 	80496587.9 	82547470.6 	
225 	2046675.8 	80489980.3 	82536656.1 	
226 	2045308.7 	80486223.2 	82531531.9 	
227 	2041090.7 	80485276.7 	82526367.4 	
228 	2041088.7 	80479675.3 	82520764.0 	
229 	2033510.0 	80506616.1 	82540126.1 	
230 	2031284.5 	80502396.3 	82533680.9 	
231 	2028075.0 	80501549.6 	82529624.6 	
232 	2024000.2 	80496107.3 	82520107.5 	
233 	2020529.6 	80491284.2 	82511813.8 	
234 	2019764.3 	80487413.9 	82507178.2 	
235 	2014273.4 	80487533.8 	82501807.2 	
236 	2011324.1 	80482872.9 	82494197.0 	
237 	2013242.8 	80478069.9 	82491312.7 	
238 	2003911.6 	80573115.4 	82577026.9 	
239 	2001365.6 	80569671.3 	82571036.9 	
240 	1998717.1 	80566042.2 	82564759.4 	
241 	1996630.4 	80562913.5 	82559543.9 	
242 	1993911.4 	80559963.4 	82553874.7 	
243 	1993259.2 	80556766.2 	82550025.3 	
244 	1997203.3 	80558838.1 	82556041.4 	
245 	1985222.6 	80629934.9 	82615157.5 	
246 	1985709.7 	80628050.5 	82613760.1 	
247 	1981379.0 	80627970.2 	82609349.2 	
248 	1977792.1 	80622893.9 	82600686.0 	
249 	1975171.6 	80618897.2 	82594068.9 	
250 	1973043.0 	80615941.5 	82588984.5 	
251 	1970971.9 	80613215.7 	82584187.6 	
252 	1969156.8 	80610578.9 	82579735.7 	
253 	1974313.5 	80608489.1 	82582802.7 	
254 	1962417.3 	80938318.2 	82900735.5 	
255 	1960547.4 	80935249.8 	82895797.2 	
256 	1960945.1 	80930116.0 	82891061.0 	
257 	1954149.9 	80948237.0 	82902386.9 	
258 	1951214.3 	80941444.4 	82892658.8 	
259 	1949300.7 	80938303.1 	82887603.9 	
260 	1946807.9 	80935800.2 	82882608.1 	
261 	1943446.9 	80935598.5 	82879045.4 	
262 	1941855.7 	80931760.6 	82873616.3 	
263 	1941715.3 	80929349.4 	82871064.7 	
264 	1937872.5 	80931219.6 	82869092.1 	
265 	1936228.0 	80928075.7 	82864303.7 	
266 	1935749.8 	80925314.7 	82861064.5 	
267 	1931208.5 	80923797.1 	82855005.6 	
268 	1929957.8 	80921135.2 	82851093.0 	
269 	1929388.6 	80919434.6 	82848823.2 	
270 	1931199.6 	80918707.5 	82849907.1 	
271 	1929572.1 	80923739.9 	82853312.0 	
272 	1930220.9 	80922188.5 	82852409.4 	
273 	1933150.8 	80923194.4 	82856345.2 	
274 	1933016.3 	80925346.5 	82858362.8 	
275 	1934819.6 	80926761.6 	82861581.2 	
276 	1933896.6 	80927189.7 	82861086.3 	
277 	1938006.3 	80925151.7 	82863158.0 	
278 	1927927.8 	80982412.4 	82910340.2 	
279 	1925760.2 	80979016.0 	82904776.1 	
280 	1924520.4 	80976309.1 	82900829.5 	
281 	1924696.5 	80975041.0 	82899737.5 	
282 	1926514.4 	80974983.9 	82901498.3 	
283 	1927888.7 	80978741.4 	82906630.0 	
284 	1922418.4 	80993012.4 	82915430.8 	
285 	1920792.7 	80988592.9 	82909385.6 	
286 	1922013.3 	80987555.3 	82909568.6 	
287 	1926434.5 	80989117.6 	82915552.1 	
288 	1917795.8 	81002835.5 	82920631.3 	
289 	1912460.2 	81011558.9 	82924019.1 	
290 	1908088.2 	81006579.3 	82914667.5 	
291 	1904384.2 	81001969.2 	82906353.4 	
292 	1900766.5 	80996557.1 	82897323.6 	
293 	1898812.6 	80992405.1 	82891217.7 	
294 	1899553.1 	80991130.7 	82890683.9 	
295 	1897303.3 	80989817.6 	82887121.0 	
296 	1899085.6 	80987058.7 	82886144.3 	
297 	1896107.9 	81000408.8 	82896516.8 	
298 	1893772.2 	80996329.1 	82890101.3 	
299 	1892223.8 	80992306.3 	82884530.1 	
300 	1890298.4 	80988359.7 	82878658.2 	
301 	1890817.4 	80984049.5 	82874866.9 	
302 	1879937.3 	81002334.9 	82882272.2 	
303 	1870545.6 	81026101.2 	82896646.8 	
304 	1868717.4 	81022064.1 	82890781.4 	
305 	1862468.2 	81015247.1 	82877715.3 	
306 	1858563.4 	81008675.3 	82867238.7 	
307 	1856715.0 	81005332.1 	82862047.1 	
308 	1854542.5 	81003081.4 	82857623.8 	
309 	1851885.3 	80999197.9 	82851083.2 	
310 	1849401.6 	80995383.3 	82844784.9 	
311 	1847843.5 	80993379.0 	82841222.5 	
312 	1846930.6 	80989574.3 	82836504.9 	
313 	1842612.3 	80986310.3 	82828922.6 	
314 	1840543.1 	80979281.3 	82819824.4 	
315 	1838748.2 	80975704.0 	82814452.2 	
316 	1833540.5 	80981276.3 	82814816.8 	
317 	1831050.6 	80978868.7 	82809919.4 	
318 	1827318.7 	80977871.3 	82805190.0 	
319 	1823124.7 	80970839.7 	82793964.4 	
320 	1819989.7 	80967290.3 	82787280.0 	
321 	1821382.0 	80964336.4 	82785718.4 	
322 	1813952.6 	81005511.9 	82819464.5 	
323 	1809936.9 	80997344.9 	82807281.8 	
324 	1805837.5 	80994428.9 	82800266.4 	
325 	1803938.2 	80990139.0 	82794077.2 	
326 	1803186.9 	80987948.3 	82791135.2 	
327 	1803751.0 	80984943.0 	82788694.0 	
328 	1821044.2 	80996887.2 	82817931.5 	
329 	1781691.9 	111207325.1 	112989017.0 	
330 	1774594.8 	111202102.1 	112976697.0 	
331 	1770538.5 	111198364.2 	112968902.8 	
332 	1764620.8 	111192327.3 	112956948.1 	
333 	1757264.0 	111187172.3 	112944436.3 	
334 	1751661.4 	111179803.7 	112931465.1 	
335 	1747269.3 	111174332.9 	112921602.2 	
336 	1743631.5 	111169826.4 	112913458.0 	
337 	1740583.5 	111166031.8 	112906615.3 	
338 	1737810.9 	111162611.3 	112900422.2 	
339 	1735805.6 	111159370.0 	112895175.6 	
340 	1734500.8 	111157435.2 	112891936.1 	
341 	1730254.8 	111152448.7 	112882703.5 	
342 	1726793.8 	111147259.8 	112874053.6 	
343 	1724757.9 	111143340.3 	112868098.2 	
344 	1724592.8 	111141963.3 	112866556.1 	
345 	1721683.9 	111142192.3 	112863876.2 	
346 	1719344.8 	111139482.6 	112858827.5 	
347 	1721643.2 	111136687.5 	112858330.8 	
348 	1714017.1 	111195613.5 	112909630.6 	
349 	1712975.8 	111193025.0 	112906000.8 	
350 	1711516.8 	111189443.8 	112900960.6 	
351 	1709392.4 	111186230.1 	112895622.5 	
352 	1711952.2 	111183045.3 	112894997.5 	
353 	1701884.4 	111199084.8 	112900969.2 	
354 	1697848.2 	111193315.9 	112891164.1 	
355 	1693770.0 	111188513.6 	112882283.6 	
356 	1691881.3 	111184183.2 	112876064.5 	
357 	1686509.6 	111188680.3 	112875190.0 	
358 	1683545.4 	111185069.7 	112868615.0 	
359 	1680935.3 	111181203.0 	112862138.4 	
360 	1676478.5 	111180025.8 	112856504.3 	
361 	1673053.7 	111174604.9 	112847658.6 	
362 	1670144.4 	111171425.2 	112841569.6 	
363 	1666473.1 	111168592.5 	112835065.6 	
364 	1664054.9 	111164667.7 	112828722.6 	
365 	1661113.1 	111161638.2 	112822751.2 	
366 	1660581.8 	111158139.0 	112818720.8 	
367 	1656637.0 	111161960.6 	112818597.6 	
368 	1655082.8 	111156611.9 	112811694.7 	
369 	1651814.2 	111152632.2 	112804446.4 	
370 	1646190.1 	111156558.6 	112802748.7 	
371 	1643826.8 	111152865.0 	112796691.8 	
372 	1640146.7 	111150681.8 	112790828.5 	
373 	1637361.2 	111145957.6 	112783318.8 	
374 	1637174.3 	111143472.7 	112780647.0 	
375 	1634999.1 	111148386.8 	112783385.9 	
376 	1636293.6 	111148570.0 	112784863.6 	
377 	1632687.0 	111150536.6 	112783223.6 	
378 	1629765.4 	111148998.1 	112778763.5 	
379 	1627103.8 	111143888.1 	112770991.9 	
380 	1625996.4 	111141589.2 	112767585.6 	
381 	1629342.3 	111141625.8 	112770968.1 	
382 	1624639.1 	111157833.1 	112782472.2 	
383 	1618686.0 	111154306.4 	112772992.4 	
384 	1616556.5 	111150533.4 	112767089.9 	
385 	1615935.2 	111149093.6 	112765028.8 	
386 	1613336.0 	111146920.4 	112760256.3 	
387 	1612780.6 	111144391.2 	112757171.9 	
388 	1610918.6 	111144788.6 	112755707.2 	
389 	1609800.6 	111142095.6 	112751896.2 	
390 	1609252.9 	111140684.3 	112749937.2 	
391 	1607813.9 	111138852.3 	112746666.2 	
392 	1606066.2 	111136520.9 	112742587.1 	
393 	1604754.1 	111133905.4 	112738659.5 	
394 	1606569.5 	111132826.5 	112739396.0 	
395 	1626623.8 	111140776.3 	112767400.1 	
396 	1600578.0 	122953225.5 	124553803.5 	
397 	1591146.7 	122975945.7 	124567092.4 	
398 	1588287.4 	122972825.9 	124561113.3 	
399 	1585301.9 	122968798.8 	124554100.6 	
400 	1583222.6 	122965607.2 	124548829.8 	
401 	1582679.4 	122963763.8 	124546443.2 	
402 	1581717.4 	122964032.9 	124545750.2 	
403 	1579123.0 	122960026.1 	124539149.0 	
404 	1575410.2 	122955721.7 	124531131.9 	
405 	1573580.0 	122951194.5 	124524774.5 	
406 	1572282.6 	122952466.2 	124524748.8 	
407 	1570780.3 	122954201.0 	124524981.4 	
408 	1568294.0 	122951785.6 	124520079.6 	
409 	1569355.4 	122948231.4 	124517586.9 	
410 	1563723.9 	122960836.1 	124524560.0 	
411 	1563159.6 	122958736.0 	124521895.6 	
412 	1560898.0 	122959003.6 	124519901.7 	
413 	1559604.2 	122955324.2 	124514928.4 	
414 	1555653.8 	122952416.3 	124508070.1 	
415 	1553003.1 	122947343.9 	124500347.1 	
416 	1552035.4 	122945454.7 	124497490.2 	
417 	1551471.8 	122943444.7 	124494916.6 	
418 	1546117.2 	122943116.9 	124489234.1 	
419 	1542984.8 	122939928.2 	124482913.0 	
420 	1540487.1 	122936589.0 	124477076.1 	
421 	1537406.1 	122931902.1 	124469308.2 	
422 	1536039.5 	122928055.0 	124464094.5 	
423 	1529287.5 	122936051.4 	124465338.9 	
424 	1525548.3 	122931705.0 	124457253.3 	
425 	1521763.4 	122927741.3 	124449504.7 	
426 	1518063.2 	122923015.1 	124441078.3 	
427 	1515560.8 	122919515.9 	124435076.8 	
428 	1514663.3 	122917313.2 	124431976.5 	
429 	1513146.2 	122918019.1 	124431165.3 	
430 	1510901.3 	122913917.6 	124424818.9 	
431 	1506825.8 	122910760.7 	124417586.5 	
432 	1503341.7 	122905705.3 	124409047.0 	
433 	1500992.5 	122902539.8 	124403532.4 	
434 	1498813.3 	122900071.6 	124398884.9 	
435 	1496660.0 	122897359.3 	124394019.3 	
436 	1494732.5 	122894959.7 	124389692.3 	
437 	1496342.3 	122892802.3 	124389144.6 	
438 	1489514.6 	122939750.4 	124429265.0 	
439 	1487947.3 	122938044.3 	124425991.6 	
440 	1485383.6 	122934594.2 	124419977.8 	
441 	1483535.4 	122931759.6 	124415295.0 	
442 	1483153.1 	122930061.5 	124413214.6 	
443 	1482592.3 	122930829.6 	124413421.8 	
444 	1478737.6 	122927974.7 	124406712.3 	
445 	1475635.7 	122924248.8 	124399884.5 	
446 	1472115.3 	122918641.9 	124390757.2 	
447 	1469919.2 	122915269.8 	124385189.0 	
448 	1467853.1 	122912904.4 	124380757.6 	
449 	1465809.1 	122910367.6 	124376176.7 	
450 	1464182.7 	122908163.3 	124372346.0 	
451 	1462959.1 	122906440.8 	124369399.9 	
452 	1461709.4 	122904796.2 	124366505.6 	
453 	1457706.1 	122902604.7 	124360310.8 	
454 	1455170.5 	122898959.0 	124354129.4 	
455 	1453316.7 	122896453.7 	124349770.4 	
456 	1451947.2 	122894611.0 	124346558.2 	
457 	1450397.3 	122892769.6 	124343166.9 	
458 	1450414.5 	122890814.8 	124341229.3 	
459 	1446699.1 	122896352.9 	124343051.9 	
460 	1445469.5 	122894300.0 	124339769.5 	
461 	1444968.5 	122893114.8 	124338083.3 	
462 	1444573.3 	122892612.1 	124337185.4 	
463 	1444325.5 	122890594.9 	124334920.4 	
464 	1444325.5 	122890107.8 	124334433.2 	
465 	1442018.9 	122887268.9 	124329287.8 	
466 	1439395.3 	122884983.3 	124324378.6 	
467 	1438319.6 	122881981.0 	124320300.5 	
468 	1436740.0 	122881089.0 	124317829.0 	
469 	1442756.7 	122877778.5 	124320535.1 	
470 	1431669.8 	123340051.0 	124771720.8 	
471 	1430288.7 	123338376.0 	124768664.6 	
472 	1429290.6 	123336600.0 	124765890.6 	
473 	1426967.2 	123335101.5 	124762068.6 	
474 	1424901.9 	123332164.2 	124757066.1 	
475 	1423176.7 	123330064.7 	124753241.4 	
476 	1421594.1 	123328052.6 	124749646.6 	
477 	1420240.2 	123326358.6 	124746598.8 	
478 	1418462.1 	123324358.7 	124742820.7 	
479 	1416933.1 	123322130.4 	124739063.6 	
480 	1416020.7 	123320559.5 	124736580.1 	
481 	1414870.3 	123319652.8 	124734523.1 	
482 	1413007.5 	123317190.9 	124730198.4 	
483 	1411847.2 	123315320.2 	124727167.4 	
484 	1412752.5 	123314416.8 	124727169.3 	
485 	1410019.2 	123319406.7 	124729426.0 	
486 	1409968.7 	123318175.0 	124728143.8 	
487 	1410082.6 	123318793.1 	124728875.7 	
488 	1409547.1 	123316321.1 	124725868.2 	
489 	1407280.1 	123316585.4 	124723865.5 	
490 	1406642.9 	123314949.1 	124721591.9 	
491 	1406650.7 	123314316.2 	124720967.0 	
492 	1407785.2 	123314353.3 	124722138.5 	
493 	1406514.3 	123316575.1 	124723089.5 	
494 	1406085.2 	123315252.7 	124721337.9 	
495 	1406219.6 	123314446.3 	124720666.0 	
496 	1406991.9 	123314262.8 	124721254.7 	
497 	1406682.8 	123314779.4 	124721462.2 	
498 	1408767.1 	123313259.0 	124722026.1 	
499 	1405541.7 	123322931.2 	124728472.9 	
500 	1404229.5 	123321026.5 	124725256.0 	
501 	1403509.3 	123319646.4 	124723155.6 	
502 	1403385.6 	123319032.7 	124722418.3 	
503 	1403797.9 	123318971.8 	124722769.7 	
504 	1404970.9 	123319499.7 	124724470.6 	
505 	1406584.9 	123320991.8 	124727576.7 	
506 	1405542.0 	123320798.8 	124726340.8 	
507 	1404531.7 	123318290.7 	124722822.4 	
508 	1404262.4 	123317273.1 	124721535.5 	
509 	1404591.5 	123317011.2 	124721602.6 	
510 	1405709.8 	123317400.5 	124723110.3 	
511 	1405974.7 	123318404.6 	124724379.3 	
512 	1408019.8 	123318168.7 	124726188.6 	
513 	1407994.3 	123324578.4 	124732572.7 	
514 	1411492.6 	123326013.4 	124737506.0 	
515 	1406791.7 	123344234.9 	124751026.6 	
516 	1406711.0 	123342874.2 	124749585.2 	
517 	1409226.3 	123342934.1 	124752160.4 	
518 	1407010.4 	123348706.8 	124755717.2 	
519 	1404432.5 	123346252.8 	124750685.3 	
520 	1403072.0 	123342769.2 	124745841.2 	
521 	1403161.2 	123341461.9 	124744623.0 	
522 	1405686.6 	123342305.4 	124747992.1 	
523 	1403973.7 	123343162.6 	124747136.3 	
524 	1401721.5 	123343984.4 	124745705.9 	
525 	1399563.8 	123340119.7 	124739683.5 	
526 	1416999.5 	123338514.7 	124755514.2 	
527 	1389203.3 	131909348.6 	133298551.9 	
528 	1385977.1 	131904165.2 	133290142.3 	
529 	1384795.9 	131902088.8 	133286884.7 	
530 	1383874.4 	131901279.9 	133285154.3 	
531 	1381649.2 	131898767.3 	133280416.6 	
532 	1380076.0 	131896147.7 	133276223.7 	
533 	1379474.1 	131894863.0 	133274337.1 	
534 	1380417.5 	131894937.1 	133275354.6 	
535 	1382950.5 	131896035.8 	133278986.3 	
536 	1380244.7 	131900957.8 	133281202.5 	
537 	1377939.2 	131896227.9 	133274167.1 	
538 	1377260.1 	131894280.4 	133271540.6 	
539 	1378243.2 	131894041.0 	133272284.2 	
540 	1381651.6 	131895939.5 	133277591.1 	
541 	1380736.5 	131899406.0 	133280142.5 	
542 	1376737.3 	131903761.3 	133280498.6 	
543 	1375964.2 	131901666.7 	133277630.9 	
544 	1376635.8 	131901012.0 	133277647.8 	
545 	1376180.6 	131901566.5 	133277747.1 	
546 	1377535.2 	131900597.5 	133278132.6 	
547 	1377334.3 	131906003.9 	133283338.3 	
548 	1375944.6 	131901958.1 	133277902.6 	
549 	1375722.2 	131901071.4 	133276793.6 	
550 	1374332.9 	131896594.1 	133270926.9 	
551 	1373466.2 	131895909.5 	133269375.7 	
552 	1374837.8 	131892753.5 	133267591.3 	
553 	1371068.2 	131905451.1 	133276519.3 	
554 	1371990.4 	131905205.4 	133277195.8 	
555 	1375132.9 	131907312.2 	133282445.2 	
556 	1371392.4 	131909246.7 	133280639.0 	
557 	1370954.4 	131908077.3 	133279031.8 	
558 	1370519.1 	131906831.2 	133277350.3 	
559 	1370437.5 	131906314.1 	133276751.6 	
560 	1370592.5 	131905879.3 	133276471.8 	
561 	1371907.5 	131906173.1 	133278080.6 	
562 	1373078.6 	131907752.8 	133280831.4 	
563 	1373862.0 	131906058.5 	133279920.5 	
564 	1373826.3 	131904904.9 	133278731.2 	
565 	1377017.3 	131903675.5 	133280692.7 	
566 	1375744.8 	131946506.6 	133322251.4 	
567 	1368595.2 	132025850.1 	133394445.3 	
568 	1368607.6 	132025057.5 	133393665.1 	
569 	1366584.9 	132024279.5 	133390864.4 	
570 	1364813.9 	132021506.8 	133386320.6 	
571 	1363603.2 	132019733.2 	133383336.4 	
572 	1363215.9 	132018547.1 	133381763.0 	
573 	1362633.8 	132018491.4 	133381125.2 	
574 	1360563.9 	132016183.3 	133376747.2 	
575 	1358880.8 	132013602.7 	133372483.5 	
576 	1358023.5 	132012043.9 	133370067.4 	
577 	1356024.1 	132010488.4 	133366512.5 	
578 	1355158.5 	132007498.7 	133362657.3 	
579 	1356442.7 	132006912.5 	133363355.2 	
580 	1351597.6 	132018987.6 	133370585.1 	
581 	1350742.7 	132017888.9 	133368631.6 	
582 	1349863.6 	132016766.2 	133366629.8 	
583 	1349298.2 	132015764.4 	133365062.6 	
584 	1349216.4 	132015236.9 	133364453.4 	
585 	1348192.8 	132015070.5 	133363263.3 	
586 	1346740.0 	132012199.9 	133358939.9 	
587 	1345927.2 	132010712.9 	133356640.1 	
588 	1345224.0 	132009780.2 	133355004.2 	
589 	1344654.7 	132008865.6 	133353520.3 	
590 	1344426.0 	132008246.9 	133352672.9 	
591 	1344089.7 	132007969.7 	133352059.3 	
592 	1343575.9 	132007040.1 	133350616.0 	
593 	1344493.3 	132006649.2 	133351142.5 	
594 	1342404.5 	132010258.8 	133352663.3 	
595 	1341551.5 	132008617.6 	133350169.0 	
596 	1341209.0 	132007852.4 	133349061.4 	
597 	1341429.5 	132007503.7 	133348933.3 	
598 	1342114.5 	132007990.2 	133350104.7 	
599 	1340866.0 	132006890.3 	133347756.3 	
600 	1340303.5 	132004632.6 	133344936.1 	
601 	1339382.0 	132005206.2 	133344588.2 	
602 	1338371.9 	132001611.5 	133339983.4 	
603 	1340094.1 	132000339.5 	133340433.6 	
604 	1335605.7 	132018016.7 	133353622.4 	
605 	1335620.8 	132017139.7 	133352760.5 	
606 	1334920.6 	132018232.9 	133353153.5 	
607 	1339938.2 	132016293.5 	133356231.7 	
608 	1331094.7 	132227814.1 	133558908.8 	
609 	1330369.4 	132226820.9 	133557190.3 	
610 	1329937.0 	132226073.4 	133556010.5 	
611 	1329523.5 	132225562.9 	133555086.3 	
612 	1329435.2 	132225101.2 	133554536.4 	
613 	1330011.2 	132225094.6 	133555105.7 	
614 	1328944.8 	132226003.7 	133554948.5 	
615 	1326906.8 	132223653.1 	133550560.0 	
616 	1325226.5 	132221302.7 	133546529.2 	
617 	1324043.8 	132219713.3 	133543757.1 	
618 	1323184.6 	132218516.3 	133541700.9 	
619 	1322897.4 	132217660.1 	133540557.6 	
620 	1330793.1 	132217906.6 	133548699.7 	
621 	1319649.6 	132641986.4 	133961635.9 	
622 	1318459.3 	132639155.8 	133957615.1 	
623 	1317107.6 	132638733.0 	133955840.7 	
624 	1315450.2 	132636203.5 	133951653.7 	
625 	1314018.2 	132634528.6 	133948546.9 	
626 	1312555.8 	132632882.2 	133945438.0 	
627 	1312001.1 	132631349.3 	133943350.5 	
628 	1308451.5 	132631908.9 	133940360.4 	
629 	1306141.2 	132628746.5 	133934887.7 	
630 	1304429.3 	132626557.2 	133930986.5 	
631 	1303302.3 	132624894.3 	133928196.6 	
632 	1302593.4 	132623856.1 	133926449.5 	
633 	1301707.2 	132622556.3 	133924263.5 	
634 	1302273.1 	132621660.7 	133923933.8 	
635 	1300493.8 	132622586.5 	133923080.3 	
636 	1298351.7 	132617887.4 	133916239.1 	
637 	1297153.2 	132616721.6 	133913874.9 	
638 	1296172.5 	132611493.2 	133907665.7 	
639 	1294986.5 	132612551.6 	133907538.1 	
640 	1307666.6 	132611676.7 	133919343.3 	
641 	1289036.3 	135391482.1 	136680518.4 	
642 	1286401.1 	135387305.4 	136673706.4 	
643 	1283198.0 	135385693.8 	136668891.8 	
644 	1280085.9 	135382442.6 	136662528.4 	
645 	1277016.4 	135378821.3 	136655837.7 	
646 	1274479.0 	135375915.8 	136650394.8 	
647 	1272497.3 	135373368.4 	136645865.7 	
648 	1271277.9 	135371553.5 	136642831.4 	
649 	1271050.3 	135370622.9 	136641673.2 	
650 	1271752.8 	135370617.4 	136642370.2 	
651 	1275177.8 	135370039.6 	136645217.4 	
652 	1268292.1 	135479168.8 	136747460.9 	
653 	1267594.0 	135479277.3 	136746871.3 	
654 	1266538.2 	135479528.0 	136746066.1 	
655 	1264705.1 	135475206.7 	136739911.9 	
656 	1263060.6 	135473199.7 	136736260.3 	
657 	1261409.6 	135471166.6 	136732576.3 	
658 	1260200.4 	135469427.5 	136729627.9 	
659 	1259851.3 	135468343.4 	136728194.7 	
660 	1259535.7 	135468649.3 	136728185.0 	
661 	1258090.0 	135464706.7 	136722796.7 	
662 	1259317.7 	135462606.4 	136721924.1 	
663 	1257288.2 	135473038.2 	136730326.5 	
664 	1253678.8 	135473860.3 	136727539.1 	
665 	1252200.8 	135471733.4 	136723934.2 	
666 	1251142.2 	135470034.3 	136721176.5 	
667 	1250459.3 	135468781.8 	136719241.2 	
668 	1250268.1 	135467761.7 	136718029.9 	
669 	1251117.5 	135467318.3 	136718435.8 	
670 	1249729.0 	135468507.8 	136718236.8 	
671 	1248238.6 	135465465.5 	136713704.1 	
672 	1247544.0 	135463437.2 	136710981.2 	
673 	1245355.3 	135462394.0 	136707749.3 	
674 	1244048.1 	135459581.6 	136703629.7 	
675 	1243515.7 	135458647.2 	136702163.0 	
676 	1243729.9 	135456849.1 	136700579.0 	
677 	1249545.8 	135457237.7 	136706783.5 	
678 	1240938.7 	135595074.0 	136836012.7 	
679 	1242844.2 	135593717.7 	136836561.9 	
680 	1265221.0 	135605177.0 	136870398.0 	
681 	1226061.1 	165481595.6 	166707656.7 	
682 	1221483.6 	165475675.4 	166697159.0 	
683 	1218498.1 	165471839.2 	166690337.3 	
684 	1216186.0 	165469127.7 	166685313.7 	
685 	1213982.6 	165466705.3 	166680687.9 	
686 	1211953.0 	165464353.9 	166676307.0 	
687 	1210327.0 	165462316.9 	166672643.9 	
688 	1209365.2 	165460821.5 	166670186.6 	
689 	1208614.3 	165460119.1 	166668733.4 	
690 	1208338.4 	165458764.6 	166667103.0 	
691 	1205812.1 	165459935.2 	166665747.3 	
692 	1204038.1 	165457206.5 	166661244.6 	
693 	1202867.5 	165455567.7 	166658435.1 	
694 	1202134.3 	165454506.9 	166656641.2 	
695 	1200647.7 	165453244.3 	166653892.0 	
696 	1199573.1 	165451109.6 	166650682.7 	
697 	1200636.1 	165450815.4 	166651451.5 	
698 	1196190.5 	165452109.1 	166648299.6 	
699 	1195299.1 	165450704.3 	166646003.3 	
700 	1194979.1 	165449990.2 	166644969.3 	
701 	1195199.5 	165449828.1 	166645027.6 	
702 	1195516.0 	165450128.6 	166645644.6 	
703 	1196786.9 	165450060.5 	166646847.4 	
704 	1193434.4 	165457159.3 	166650593.7 	
705 	1192012.7 	165455336.6 	166647349.3 	
706 	1190178.5 	165453552.0 	166643730.4 	
707 	1188321.1 	165451333.1 	166639654.2 	
708 	1186535.5 	165449373.8 	166635909.3 	
709 	1184701.0 	165447294.0 	166631995.0 	
710 	1183084.6 	165445340.3 	166628424.9 	
711 	1182109.9 	165443737.9 	166625847.8 	
712 	1180624.7 	165443630.4 	166624255.1 	
713 	1178229.0 	165439599.5 	166617828.5 	
714 	1176663.5 	165437525.2 	166614188.7 	
715 	1175698.1 	165436056.4 	166611754.5 	
716 	1175540.4 	165435254.5 	166610794.8 	
717 	1174478.3 	165434931.4 	166609409.7 	
718 	1173293.1 	165433241.7 	166606534.8 	
719 	1172578.5 	165431252.7 	166603831.2 	
720 	1175671.2 	165430938.2 	166606609.4 	
721 	1169373.1 	165474689.5 	166644062.6 	
722 	1168448.1 	165473258.7 	166641706.8 	
723 	1167759.4 	165472419.9 	166640179.3 	
724 	1166817.8 	165471121.2 	166637939.1 	
725 	1166075.3 	165470032.9 	166636108.2 	
726 	1165357.5 	165468955.4 	166634312.9 	
727 	1165329.3 	165468443.0 	166633772.3 	
728 	1164608.0 	165468148.6 	166632756.5 	
729 	1163170.3 	165466253.1 	166629423.4 	
730 	1161998.1 	165464300.2 	166626298.4 	
731 	1160626.6 	165463361.7 	166623988.3 	
732 	1159119.6 	165460188.3 	166619307.9 	
733 	1157770.2 	165459122.9 	166616893.2 	
734 	1155096.3 	165456271.5 	166611367.9 	
735 	1154253.2 	165453634.8 	166607888.0 	
736 	1151227.3 	165455696.8 	166606924.1 	
737 	1152473.1 	165453775.2 	166606248.4 	
738 	1146588.5 	165471858.0 	166618446.5 	
739 	1145200.0 	165470062.1 	166615262.1 	
740 	1144350.0 	165468775.2 	166613125.2 	
741 	1143203.6 	165468099.2 	166611302.7 	
742 	1140905.1 	165465681.0 	166606586.0 	
743 	1139015.5 	165463244.6 	166602260.1 	
744 	1137753.6 	165461502.0 	166599255.6 	
745 	1138785.7 	165460465.8 	166599251.5 	
746 	1134262.1 	165473861.9 	166608124.0 	
747 	1133117.1 	165472650.9 	166605768.1 	
748 	1131408.7 	165470180.4 	166601589.2 	
749 	1130401.2 	165468217.3 	166598618.5 	
750 	1129127.7 	165467255.7 	166596383.4 	
751 	1128284.5 	165465545.2 	166593829.8 	
752 	1126283.5 	165464678.3 	166590961.8 	
753 	1124148.9 	165462010.7 	166586159.6 	
754 	1122342.5 	165459858.8 	166582201.2 	
755 	1120919.7 	165458073.3 	166578993.0 	
756 	1120006.3 	165456746.3 	166576752.6 	
757 	1119916.5 	165456014.4 	166575930.9 	
758 	1121727.1 	165456494.5 	166578221.6 	
759 	1118356.9 	165450092.1 	166568449.0 	
760 	1119018.2 	165447057.8 	166566075.9 	
761 	1113668.9 	165468508.5 	166582177.4 	
762 	1111752.9 	165467903.4 	166579656.3 	
763 	1109810.4 	165464664.9 	166574475.2 	
764 	1108686.8 	165463153.1 	166571839.9 	
765 	1106969.0 	165461481.2 	166568450.2 	
766 	1105713.5 	165459558.5 	166565272.0 	
767 	1105341.9 	165458531.7 	166563873.6 	
768 	1104590.6 	165458235.1 	166562825.7 	
769 	1102871.0 	165457552.4 	166560423.4 	
770 	1103259.2 	165455232.4 	166558491.6 	
771 	1097654.6 	165466257.4 	166563912.0 	
772 	1096241.2 	165464292.3 	166560533.6 	
773 	1095230.8 	165463031.2 	166558262.0 	
774 	1095307.8 	165462020.1 	166557327.9 	
775 	1092450.7 	165465687.6 	166558138.3 	
776 	1090742.4 	165463161.0 	166553903.3 	
777 	1089557.0 	165461646.8 	166551203.8 	
778 	1088619.2 	165460476.6 	166549095.8 	
779 	1087829.3 	165459438.5 	166547267.9 	
780 	1086261.2 	165458710.8 	166544972.0 	
781 	1083623.1 	165455283.3 	166538906.4 	
782 	1081349.8 	165452595.1 	166533944.9 	
783 	1079317.0 	165450242.2 	166529559.2 	
784 	1077319.6 	165448085.2 	166525404.8 	
785 	1075321.7 	165445851.5 	166521173.2 	
786 	1073504.5 	165443765.4 	166517269.9 	
787 	1071667.8 	165441820.9 	166513488.7 	
788 	1069910.9 	165439751.7 	166509662.6 	
789 	1068338.4 	165437921.9 	166506260.3 	
790 	1066371.8 	165435558.7 	166501930.4 	
791 	1064228.8 	165432380.8 	166496609.6 	
792 	1064874.8 	165429900.7 	166494775.6 	
793 	1058335.6 	165453548.3 	166511883.9 	
794 	1056728.1 	165451635.8 	166508363.9 	
795 	1055219.4 	165449943.6 	166505162.9 	
796 	1053769.7 	165448019.7 	166501789.4 	
797 	1052880.3 	165446659.9 	166499540.2 	
798 	1050681.9 	165444950.3 	166495632.1 	
799 	1051153.8 	165442964.5 	166494118.2 	
800 	1045495.0 	165450550.4 	166496045.4 	
801 	1043222.7 	165447089.6 	166490312.3 	
802 	1040021.4 	165444196.2 	166484217.6 	
803 	1037136.4 	165440039.9 	166477176.3 	
804 	1034698.1 	165437044.7 	166471742.7 	
805 	1032646.3 	165434530.9 	166467177.2 	
806 	1031514.2 	165432489.5 	166464003.7 	
807 	1029311.0 	165432726.3 	166462037.3 	
808 	1027191.6 	165428750.9 	166455942.6 	
809 	1025944.1 	165426526.5 	166452470.6 	
810 	1031164.2 	165425517.0 	166456681.1 	
811 	1021795.5 	165646744.8 	166668540.3 	
812 	1020037.4 	165645706.0 	166665743.4 	
813 	1016435.3 	165642272.2 	166658707.5 	
814 	1012906.6 	165638278.7 	166651185.2 	
815 	1009529.7 	165634563.7 	166644093.5 	
816 	1006338.3 	165631160.5 	166637498.8 	
817 	1003195.8 	165627853.8 	166631049.6 	
818 	1000014.6 	165624541.7 	166624556.4 	
819 	996852.6 	165621186.4 	166618039.0 	
820 	993784.3 	165617920.8 	166611705.1 	
821 	990771.6 	165614743.8 	166605515.4 	
822 	987772.5 	165611596.1 	166599368.6 	
823 	984818.3 	165608452.6 	166593270.9 	
824 	982008.1 	165605422.5 	166587430.6 	
825 	979369.9 	165602579.8 	166581949.7 	
826 	976878.5 	165599909.6 	166576788.1 	
827 	974490.4 	165597370.8 	166571861.3 	
828 	972156.5 	165594911.0 	166567067.5 	
829 	969846.9 	165592484.2 	166562331.1 	
830 	967563.1 	165590076.6 	166557639.7 	
831 	965327.2 	165587704.6 	166553031.9 	
832 	963158.2 	165585393.8 	166548552.0 	
833 	961069.1 	165583155.3 	166544224.4 	
834 	959103.7 	165581013.2 	166540116.8 	
835 	957327.8 	165579032.1 	166536359.9 	
836 	955820.0 	165577274.6 	166533094.7 	
837 	954919.9 	165575868.8 	166530788.7 	
838 	953233.1 	165575348.5 	166528581.7 	
839 	951098.7 	165573085.4 	166524184.1 	
840 	948815.3 	165570014.4 	166518829.7 	
841 	947937.2 	165568071.0 	166516008.2 	
842 	944818.8 	165569143.2 	166513962.0 	
843 	941413.7 	165564519.6 	166505933.3 	
844 	938662.0 	165561315.4 	166499977.5 	
845 	936268.4 	165558654.0 	166494922.4 	
846 	934076.3 	165556269.5 	166490345.8 	
847 	932022.5 	165554050.2 	166486072.7 	
848 	930091.9 	165551960.3 	166482052.2 	
849 	928259.9 	165549987.5 	166478247.4 	
850 	926450.5 	165548065.8 	166474516.3 	
851 	924666.7 	165546121.8 	166470788.4 	
852 	922706.9 	165544156.3 	166466863.2 	
853 	920482.7 	165541654.3 	166462137.1 	
854 	918406.7 	165539216.9 	166457623.6 	
855 	916460.9 	165537097.6 	166453558.6 	
856 	914524.3 	165535022.1 	166449546.4 	
857 	912699.9 	165533025.4 	166445725.3 	
858 	910890.1 	165531129.5 	166442019.6 	
859 	908999.4 	165529128.7 	166438128.1 	
860 	907245.8 	165527118.1 	166434364.0 	
861 	905631.5 	165525396.3 	166431027.8 	
862 	903243.2 	165523209.7 	166426452.8 	
863 	900804.9 	165520269.0 	166421073.9 	
864 	898684.6 	165517854.8 	166416539.4 	
865 	896811.8 	165515771.4 	166412583.2 	
866 	895133.9 	165513917.8 	166409051.8 	
867 	893611.7 	165512243.9 	166405855.6 	
868 	892152.2 	165510693.0 	166402845.2 	
869 	890571.2 	165509101.6 	166399672.7 	
870 	888818.8 	165507297.7 	166396116.4 	
871 	887004.8 	165505368.1 	166392373.0 	
872 	885200.3 	165503433.1 	166388633.4 	
873 	883422.1 	165501532.4 	166384954.5 	
874 	881661.7 	165499664.9 	166381326.6 	
875 	879909.0 	165497813.6 	166377722.6 	
876 	878169.6 	165495973.9 	166374143.4 	
877 	876457.1 	165494157.6 	166370614.7 	
878 	874782.8 	165492377.1 	166367159.9 	
879 	873158.3 	165490641.8 	166363800.1 	
880 	871603.2 	165488965.4 	166360568.6 	
881 	870158.6 	165487374.3 	166357532.9 	
882 	868942.9 	165485928.9 	166354871.7 	
883 	868777.9 	165484846.7 	166353624.6 	
884 	866092.9 	165487270.6 	166353363.5 	
885 	864073.4 	165484393.9 	166348467.3 	
886 	862519.2 	165482583.5 	166345102.6 	
887 	861214.1 	165481074.3 	166342288.4 	
888 	860109.9 	165479780.0 	166339889.9 	
889 	859076.0 	165478603.3 	166337679.3 	
890 	857972.7 	165477299.3 	166335271.9 	
891 	856824.9 	165475882.3 	166332707.2 	
892 	855451.4 	165474403.4 	166329854.8 	
893 	853737.2 	165472550.6 	166326287.8 	
894 	851916.0 	165470536.6 	166322452.6 	
895 	850097.0 	165468505.1 	166318602.1 	
896 	848529.4 	165466608.4 	166315137.7 	
897 	847474.8 	165465093.5 	166312568.3 	
898 	847180.2 	165464246.2 	166311426.4 	
899 	847411.7 	165463623.3 	166311035.0 	
900 	842537.5 	165468052.6 	166310590.2 	
901 	841081.2 	165465829.1 	166306910.3 	
902 	839264.7 	165464518.4 	166303783.1 	
903 	836848.5 	165461280.1 	166298128.6 	
904 	834820.0 	165458790.2 	166293610.2 	
905 	833025.6 	165456764.1 	166289789.7 	
906 	831336.4 	165454911.3 	166286247.6 	
907 	829741.2 	165453161.5 	166282902.6 	
908 	828273.3 	165451533.7 	166279807.0 	
909 	826991.1 	165450062.5 	166277053.7 	
910 	826096.6 	165448828.0 	166274924.6 	
911 	827816.0 	165448256.0 	166276072.0 	
912 	822582.8 	165466695.5 	166289278.3 	
913 	821298.6 	165465130.1 	166286428.7 	
914 	820349.3 	165463908.0 	166284257.3 	
915 	819966.7 	165463041.0 	166283007.7 	
916 	820656.0 	165462943.3 	166283599.2 	
917 	817931.8 	165463565.1 	166281496.8 	
918 	815872.4 	165459673.6 	166275546.0 	
919 	814457.7 	165457445.5 	166271903.1 	
920 	814177.4 	165455979.7 	166270157.1 	
921 	811556.6 	165457700.1 	166269256.7 	
922 	809781.6 	165455116.1 	166264897.7 	
923 	808316.7 	165453421.3 	166261737.9 	
924 	807127.5 	165451941.7 	166259069.2 	
925 	806599.5 	165450871.7 	166257471.2 	
926 	806541.0 	165450911.1 	166257452.1 	
927 	804683.4 	165448385.5 	166253069.0 	
928 	803877.2 	165445511.5 	166249388.7 	
929 	801570.3 	165445696.8 	166247267.2 	
930 	799872.3 	165442540.6 	166242412.9 	
931 	798667.0 	165440431.2 	166239098.2 	
932 	798609.0 	165438857.9 	166237466.8 	
933 	796631.1 	165440107.9 	166236739.0 	
934 	791402.0 	165439552.5 	166230954.6 	
935 	789201.3 	165436909.3 	166226110.6 	
936 	787276.8 	165434803.9 	166222080.7 	
937 	785479.2 	165432877.5 	166218356.7 	
938 	783783.7 	165431066.0 	166214849.7 	
939 	782181.2 	165429356.9 	166211538.1 	
940 	780658.5 	165427737.6 	166208396.1 	
941 	779202.2 	165426192.3 	166205394.5 	
942 	777804.1 	165424708.5 	166202512.6 	
943 	776467.4 	165423282.3 	166199749.7 	
944 	775210.2 	165421923.2 	166197133.4 	
945 	774079.3 	165420658.4 	166194737.7 	
946 	773194.2 	165419555.2 	166192749.4 	
947 	772657.8 	165418775.5 	166191433.3 	
948 	771536.0 	165417943.5 	166189479.4 	
949 	770690.4 	165415885.0 	166186575.4 	
950 	773373.9 	165415361.0 	166188734.9 	
951 	767846.0 	165432732.5 	166200578.5 	
952 	767263.7 	165430282.4 	166197546.2 	
953 	769097.0 	165431825.7 	166200922.7 	
954 	761457.0 	165476321.1 	166237778.2 	
955 	759723.7 	165474198.2 	166233921.9 	
956 	758270.3 	165472572.7 	166230843.0 	
957 	756938.5 	165471144.5 	166228083.0 	
958 	755616.1 	165469783.9 	166225400.0 	
959 	754250.8 	165468386.2 	166222637.0 	
960 	752895.1 	165466961.8 	166219856.9 	
961 	751604.1 	165465584.4 	166217188.6 	
962 	750396.6 	165464287.6 	166214684.3 	
963 	749281.2 	165463079.6 	166212360.8 	
964 	748280.0 	165461971.5 	166210251.5 	
965 	747445.2 	165460999.2 	166208444.4 	
966 	746703.1 	165460215.6 	166206918.7 	
967 	745888.7 	165459317.8 	166205206.5 	
968 	744198.6 	165458376.3 	166202574.9 	
969 	742324.5 	165455854.0 	166198178.5 	
970 	740910.9 	165454143.1 	166195054.0 	
971 	739838.4 	165452863.4 	166192701.7 	
972 	738553.2 	165451828.6 	166190381.8 	
973 	737063.3 	165450198.7 	166187262.0 	
974 	735764.7 	165448766.3 	166184531.0 	
975 	734572.6 	165447489.9 	166182062.4 	
976 	733430.4 	165446287.0 	166179717.4 	
977 	732306.8 	165445114.9 	166177421.7 	
978 	731190.6 	165443951.7 	166175142.3 	
979 	730089.0 	165442798.0 	166172887.1 	
980 	729012.3 	165441666.1 	166170678.4 	
981 	727960.6 	165440562.5 	166168523.0 	
982 	726922.7 	165439480.1 	166166402.9 	
983 	725888.0 	165438404.3 	166164292.3 	
984 	724862.7 	165437331.2 	166162193.9 	
985 	723866.7 	165436277.6 	166160144.3 	
986 	722916.5 	165435264.4 	166158180.9 	
987 	722018.3 	165434302.9 	166156321.2 	
988 	721170.0 	165433393.7 	166154563.6 	
989 	720371.9 	165432532.1 	166152904.0 	
990 	719648.7 	165431725.5 	166151374.2 	
991 	719068.4 	165431017.1 	166150085.6 	
992 	718707.4 	165430494.0 	166149201.4 	
993 	718149.6 	165430115.7 	166148265.2 	
994 	717003.9 	165428964.1 	166145968.0 	
995 	715672.6 	165427455.1 	166143127.7 	
996 	714589.5 	165426140.4 	166140729.9 	
997 	713776.3 	165425117.9 	166138894.2 	
998 	713356.9 	165424388.4 	166137745.3 	
999 	713668.4 	165424235.3 	166137903.7 	
1000 	711962.0 	165424334.5 	166136296.5 	
1001 	710671.9 	165422121.8 	166132793.7 	
1002 	709811.8 	165420958.9 	166130770.7 	
1003 	709351.0 	165420183.2 	166129534.2 	
1004 	709691.5 	165419853.0 	166129544.5 	
1005 	708241.8 	165421365.7 	166129607.5 	
1006 	707161.6 	165418292.4 	166125454.0 	
1007 	706089.4 	165418565.2 	166124654.7 	
1008 	704299.6 	165414556.1 	166118855.7 	
1009 	703104.3 	165412677.9 	166115782.2 	
1010 	702402.5 	165411467.0 	166113869.5 	
1011 	703406.5 	165410900.7 	166114307.2 	
1012 	699804.5 	165417793.8 	166117598.3 	
1013 	699304.3 	165416557.4 	166115861.7 	
1014 	702042.6 	165416847.1 	166118889.6 	
1015 	695973.0 	165444836.7 	166140809.7 	
1016 	695114.8 	165443885.1 	166138999.9 	
1017 	694139.2 	165442956.1 	166137095.2 	
1018 	693154.8 	165441898.7 	166135053.5 	
1019 	692247.2 	165440918.4 	166133165.5 	
1020 	691393.5 	165440006.7 	166131400.3 	
1021 	690580.9 	165439139.8 	166129720.7 	
1022 	689812.0 	165438312.9 	166128124.9 	
1023 	689097.6 	165437533.0 	166126630.6 	
1024 	688464.4 	165436813.1 	166125277.5 	
1025 	688009.8 	165436200.1 	166124209.9 	
1026 	687936.5 	165435858.1 	166123794.6 	
1027 	686932.0 	165435768.7 	166122700.8 	
1028 	685510.5 	165433617.3 	166119127.8 	
1029 	684369.2 	165432214.2 	166116583.4 	
1030 	683367.4 	165431091.3 	166114458.7 	
1031 	682423.6 	165430069.8 	166112493.5 	
1032 	681523.4 	165429094.0 	166110617.4 	
1033 	680686.5 	165428171.0 	166108857.5 	
1034 	679937.9 	165427321.6 	166107259.5 	
1035 	679308.7 	165426563.7 	166105872.4 	
1036 	678831.6 	165425914.1 	166104745.7 	
1037 	678410.8 	165425326.9 	166103737.7 	
1038 	677871.6 	165424398.5 	166102270.1 	
1039 	678028.2 	165423120.7 	166101148.9 	
1040 	675415.0 	165424368.5 	166099783.5 	
1041 	674239.1 	165422634.4 	166096873.6 	
1042 	673350.3 	165421584.5 	166094934.8 	
1043 	672596.5 	165420735.0 	166093331.5 	
1044 	671956.2 	165420004.0 	166091960.2 	
1045 	671485.2 	165419400.2 	166090885.4 	
1046 	671489.0 	165419036.5 	166090525.5 	
1047 	671923.1 	165419619.2 	166091542.3 	
1048 	670660.5 	165417667.2 	166088327.7 	
1049 	670071.3 	165415745.8 	166085817.1 	
1050 	671337.7 	165415098.2 	166086435.9 	
1051 	667976.1 	165423390.4 	166091366.5 	
1052 	667161.1 	165422264.2 	166089425.3 	
1053 	666666.7 	165421434.8 	166088101.5 	
1054 	671687.7 	165421217.1 	166092904.8 	
1055 	663627.4 	165575891.4 	166239518.8 	
1056 	662668.8 	165574828.7 	166237497.5 	
1057 	661746.5 	165573848.6 	166235595.1 	
1058 	660827.9 	165572886.4 	166233714.3 	
1059 	659904.6 	165571923.2 	166231827.8 	
1060 	658980.6 	165570958.1 	166229938.8 	
1061 	658065.2 	165569999.2 	166228064.5 	
1062 	657167.7 	165569056.1 	166226223.8 	
1063 	656295.8 	165568137.1 	166224432.9 	
1064 	655455.9 	165567248.9 	166222704.8 	
1065 	654653.3 	165566396.8 	166221050.2 	
1066 	653892.8 	165565585.8 	166219478.6 	
1067 	653177.3 	165564819.9 	166217997.2 	
1068 	652502.6 	165564099.5 	166216602.2 	
1069 	651862.1 	165563415.0 	166215277.0 	
1070 	651282.3 	165562769.2 	166214051.5 	
1071 	650830.5 	165562213.1 	166213043.5 	
1072 	650546.4 	165561823.8 	166212370.3 	
1073 	650010.0 	165561501.7 	166211511.8 	
1074 	649193.3 	165560583.4 	166209776.7 	
1075 	648595.0 	165559766.1 	166208361.1 	
1076 	648347.7 	165559254.8 	166207602.5 	
1077 	647909.8 	165558977.2 	166206887.0 	
1078 	647903.6 	165557726.1 	166205629.6 	
1079 	647418.4 	165558935.0 	166206353.3 	
1080 	645471.4 	165558704.5 	166204175.9 	
1081 	643607.3 	165555033.8 	166198641.1 	
1082 	642590.3 	165553583.5 	166196173.8 	
1083 	642037.9 	165552701.4 	166194739.3 	
1084 	642170.5 	165552284.8 	166194455.4 	
1085 	644609.6 	165552884.9 	166197494.5 	
1086 	638869.4 	165569998.6 	166208868.0 	
1087 	637445.7 	165568123.6 	166205569.3 	
1088 	636322.8 	165566791.0 	166203113.8 	
1089 	635377.6 	165565718.9 	166201096.4 	
1090 	634553.5 	165564802.1 	166199355.6 	
1091 	633823.0 	165563995.4 	166197818.5 	
1092 	633170.0 	165563276.2 	166196446.2 	
1093 	632580.0 	165562628.6 	166195208.7 	
1094 	632036.3 	165562035.9 	166194072.1 	
1095 	631525.7 	165561479.9 	166193005.5 	
1096 	631046.8 	165560952.4 	166191999.2 	
1097 	630602.3 	165560455.2 	166191057.5 	
1098 	630195.7 	165559988.5 	166190184.2 	
1099 	629852.0 	165559558.9 	166189411.0 	
1100 	629696.0 	165559213.5 	166188909.4 	
1101 	630570.4 	165559208.7 	166189779.2 	
1102 	628480.4 	165562246.5 	166190726.9 	
1103 	627665.0 	165560630.2 	166188295.3 	
1104 	627642.1 	165560120.3 	166187762.4 	
1105 	626968.0 	165560284.6 	166187252.5 	
1106 	626079.3 	165557937.0 	166184016.3 	
1107 	626205.7 	165556685.8 	166182891.5 	
1108 	623531.2 	165558229.0 	166181760.3 	
1109 	621766.1 	165555469.6 	166177235.7 	
1110 	620436.8 	165553794.2 	166174231.0 	
1111 	619326.1 	165552503.2 	166171829.2 	
1112 	618347.0 	165551406.6 	166169753.6 	
1113 	617458.5 	165550430.4 	166167888.9 	
1114 	616635.8 	165549537.8 	166166173.6 	
1115 	615858.8 	165548704.3 	166164563.1 	
1116 	615110.9 	165547908.9 	166163019.8 	
1117 	614385.7 	165547138.0 	166161523.8 	
1118 	613690.3 	165546392.7 	166160083.0 	
1119 	613038.2 	165545685.1 	166158723.3 	
1120 	612441.7 	165545029.0 	166157470.7 	
1121 	611909.0 	165544434.0 	166156343.0 	
1122 	611444.5 	165543904.8 	166155349.3 	
1123 	611057.9 	165543443.4 	166154501.3 	
1124 	610798.9 	165543067.0 	166153865.9 	
1125 	610851.7 	165542859.5 	166153711.2 	
1126 	611337.2 	165543110.5 	166154447.7 	
1127 	610867.3 	165542911.6 	166153778.8 	
1128 	611897.3 	165541808.7 	166153705.9 	
1129 	608711.2 	165544881.4 	166153592.7 	
1130 	612794.7 	165543960.1 	166156754.8 	
1131 	605107.6 	165660597.5 	166265705.2 	
1132 	604239.0 	165659621.2 	166263860.2 	
1133 	603447.5 	165658765.9 	166262213.5 	
1134 	602702.6 	165657970.4 	166260673.0 	
1135 	601993.0 	165657217.3 	166259210.2 	
1136 	601312.0 	165656497.4 	166257809.5 	
1137 	600654.8 	165655804.7 	166256459.5 	
1138 	600018.3 	165655134.6 	166255152.9 	
1139 	599400.8 	165654484.9 	166253885.8 	
1140 	598801.5 	165653854.3 	166252655.8 	
1141 	598219.1 	165653241.7 	166251460.8 	
1142 	597652.7 	165652645.8 	166250298.5 	
1143 	597102.4 	165652066.0 	166249168.5 	
1144 	596570.0 	165651502.9 	166248072.9 	
1145 	596059.1 	165650959.0 	166247018.1 	
1146 	595576.4 	165650438.9 	166246015.3 	
1147 	595132.6 	165649950.1 	166245082.7 	
1148 	594743.9 	165649504.2 	166244248.1 	
1149 	594427.2 	165649115.6 	166243542.9 	
1150 	594166.0 	165648781.8 	166242947.8 	
1151 	593897.6 	165648424.4 	166242322.0 	
1152 	593690.1 	165648000.0 	166241690.1 	
1153 	593113.4 	165647650.1 	166240763.5 	
1154 	592003.5 	165646256.8 	166238260.3 	
1155 	591078.8 	165645052.8 	166236131.6 	
1156 	590335.0 	165644159.1 	166234494.0 	
1157 	589701.8 	165643425.9 	166233127.7 	
1158 	589144.5 	165642790.9 	166231935.4 	
1159 	588634.7 	165642221.9 	166230856.7 	
1160 	588123.5 	165641679.5 	166229803.0 	
1161 	587564.1 	165641098.2 	166228662.3 	
1162 	587003.4 	165640466.8 	166227470.1 	
1163 	586563.1 	165639883.7 	166226446.8 	
1164 	586483.9 	165639482.3 	166225966.2 	
1165 	587429.2 	165639679.0 	166227108.2 	
1166 	584723.6 	165641620.5 	166226344.1 	
1167 	583819.6 	165640256.0 	166224075.6 	
1168 	583194.2 	165639509.2 	166222703.5 	
1169 	582661.6 	165638920.9 	166221582.5 	
1170 	582159.7 	165638387.8 	166220547.5 	
1171 	581664.0 	165637868.8 	166219532.8 	
1172 	581172.2 	165637352.3 	166218524.5 	
1173 	580692.3 	165636843.7 	166217536.0 	
1174 	580233.3 	165636352.3 	166216585.6 	
1175 	579803.2 	165635886.9 	166215690.1 	
1176 	579409.3 	165635454.8 	166214864.1 	
1177 	579058.0 	165635062.9 	166214120.9 	
1178 	578753.5 	165634716.5 	166213470.0 	
1179 	578492.0 	165634417.0 	166212909.1 	
1180 	578248.7 	165634151.8 	166212400.5 	
1181 	577967.5 	165633876.8 	166211844.3 	
1182 	577602.5 	165633526.8 	166211129.2 	
1183 	577166.1 	165633086.9 	166210253.0 	
1184 	576700.4 	165632595.6 	166209296.0 	
1185 	576250.2 	165632099.9 	166208350.1 	
1186 	575846.6 	165631641.0 	166207487.6 	
1187 	575492.2 	165631235.1 	166206727.4 	
1188 	575158.1 	165630864.7 	166206022.8 	
1189 	574808.4 	165630485.2 	166205293.6 	
1190 	574448.5 	165630075.3 	166204523.8 	
1191 	574099.7 	165629664.9 	166203764.6 	
1192 	573697.5 	165629239.8 	166202937.3 	
1193 	573147.3 	165628670.0 	166201817.2 	
1194 	572505.7 	165627951.1 	166200456.9 	
1195 	571861.7 	165627222.2 	166199083.9 	
1196 	571244.7 	165626533.2 	166197777.9 	
1197 	570660.6 	165625887.2 	166196547.7 	
1198 	570091.4 	165625275.7 	166195367.1 	
1199 	569487.5 	165624655.9 	166194143.4 	
1200 	568828.3 	165623975.7 	166192804.0 	
1201 	568148.1 	165623253.1 	166191401.2 	
1202 	567476.4 	165622531.0 	166190007.4 	
1203 	566824.4 	165621828.1 	166188652.5 	
1204 	566197.6 	165621152.1 	166187349.8 	
1205 	565600.0 	165620507.8 	166186107.8 	
1206 	565033.2 	165619897.3 	166184930.5 	
1207 	564497.3 	165619320.7 	166183818.0 	
1208 	563991.0 	165618776.6 	166182767.5 	
1209 	563512.2 	165618262.6 	166181774.8 	
1210 	563058.4 	165617775.8 	166180834.2 	
1211 	562626.6 	165617313.2 	166179939.7 	
1212 	562213.7 	165616871.2 	166179085.0 	
1213 	561817.1 	165616446.8 	166178263.9 	
1214 	561434.9 	165616037.3 	166177472.2 	
1215 	561066.6 	165615641.2 	166176707.8 	
1216 	560713.6 	165615258.9 	166175972.5 	
1217 	560380.0 	165614892.8 	166175272.8 	
1218 	560071.8 	165614547.3 	166174619.1 	
1219 	559796.2 	165614228.5 	166174024.6 	
1220 	559557.6 	165613940.9 	166173498.5 	
1221 	559349.4 	165613681.6 	166173031.0 	
1222 	559141.7 	165613426.7 	166172568.4 	
1223 	558881.9 	165613121.2 	166172003.1 	
1224 	558525.8 	165612700.6 	166171226.4 	
1225 	558074.9 	165612153.1 	166170228.0 	
1226 	557574.6 	165611535.2 	166169109.7 	
1227 	557076.1 	165610912.9 	166167988.9 	
1228 	556615.0 	165610326.2 	166166941.2 	
1229 	556222.7 	165609797.0 	166166019.7 	
1230 	555959.4 	165609351.3 	166165310.7 	
1231 	556035.8 	165609062.9 	166165098.7 	
1232 	556799.9 	165609306.4 	166166106.2 	
1233 	554596.7 	165610116.8 	166164713.5 	
1234 	553746.9 	165608685.5 	166162432.4 	
1235 	553179.1 	165607966.2 	166161145.2 	
1236 	552724.8 	165607441.1 	166160166.0 	
1237 	552329.9 	165607001.9 	166159331.8 	
1238 	551968.5 	165606609.5 	166158578.0 	
1239 	551624.2 	165606242.5 	166157866.7 	
1240 	551287.2 	165605886.7 	166157174.0 	
1241 	550955.3 	165605535.8 	166156491.2 	
1242 	550632.3 	165605191.2 	166155823.5 	
1243 	550323.9 	165604858.1 	166155182.0 	
1244 	550035.6 	165604542.2 	166154577.7 	
1245 	549771.6 	165604247.8 	166154019.4 	
1246 	549532.5 	165603976.9 	166153509.4 	
1247 	549306.8 	165603723.4 	166153030.2 	
1248 	549062.1 	165603461.7 	166152523.7 	
1249 	548762.9 	165603146.8 	166151909.7 	
1250 	548416.8 	165602764.0 	166151180.8 	
1251 	548071.9 	165602360.3 	166150432.1 	
1252 	547780.2 	165601995.0 	166149775.2 	
1253 	547606.3 	165601717.3 	166149323.6 	
1254 	547707.8 	165601610.9 	166149318.6 	
1255 	548080.1 	165601918.3 	166149998.5 	
1256 	547290.8 	165601520.9 	166148811.7 	
1257 	546479.0 	165599945.3 	166146424.3 	
1258 	545907.7 	165599131.9 	166145039.6 	
1259 	545447.5 	165598565.9 	166144013.4 	
1260 	545041.4 	165598098.7 	166143140.1 	
1261 	544666.3 	165597680.2 	166142346.5 	
1262 	544313.9 	165597291.4 	166141605.3 	
1263 	543982.4 	165596926.2 	166140908.6 	
1264 	543673.6 	165596583.9 	166140257.5 	
1265 	543391.0 	165596266.5 	166139657.5 	
1266 	543139.4 	165595977.8 	166139117.2 	
1267 	542926.2 	165595723.1 	166138649.3 	
1268 	542764.2 	165595510.8 	166138275.0 	
1269 	542678.8 	165595356.6 	166138035.4 	
1270 	542735.2 	165595294.9 	166138030.2 	
1271 	543194.6 	165595427.1 	166138621.7 	
1272 	547913.2 	165596326.3 	166144239.4 	
1273 	542028.5 	165665873.9 	166207902.4 	
1274 	542011.8 	165665804.1 	166207815.9 	
1275 	541783.4 	165665316.0 	166207099.4 	
1276 	541630.8 	165664734.1 	166206364.9 	
1277 	541675.8 	165664426.6 	166206102.4 	
1278 	541660.7 	165664264.1 	166205924.8 	
1279 	541401.9 	165663562.9 	166204964.8 	
1280 	543064.8 	165663300.4 	166206365.2 	
1281 	538921.0 	165673343.7 	166212264.7 	
1282 	538278.2 	165672390.3 	166210668.5 	
1283 	537838.4 	165671781.5 	166209619.9 	
1284 	537557.8 	165671325.3 	166208883.1 	
1285 	537613.6 	165671046.0 	166208659.6 	
1286 	539091.7 	165671320.7 	166210412.4 	
1287 	535713.6 	165676821.6 	166212535.2 	
1288 	534977.3 	165675822.9 	166210800.3 	
1289 	534418.9 	165675185.3 	166209604.2 	
1290 	533931.0 	165674649.5 	166208580.5 	
1291 	533482.8 	165674166.4 	166207649.2 	
1292 	533057.9 	165673714.1 	166206772.0 	
1293 	532645.1 	165673278.9 	166205924.0 	
1294 	532239.0 	165672851.9 	166205090.8 	
1295 	531842.0 	165672431.1 	166204273.2 	
1296 	531465.8 	165672024.0 	166203489.8 	
1297 	531127.3 	165671645.8 	166202773.1 	
1298 	530843.1 	165671314.2 	166202157.3 	
1299 	530613.8 	165671040.1 	166201653.8 	
1300 	530378.4 	165670797.7 	166201176.1 	
1301 	530019.1 	165670466.5 	166200485.6 	
1302 	529551.9 	165669970.4 	166199522.3 	
1303 	529080.9 	165669440.6 	166198521.5 	
1304 	528635.9 	165668951.3 	166197587.2 	
1305 	528198.2 	165668488.6 	166196686.8 	
1306 	527752.4 	165668024.1 	166195776.5 	
1307 	527307.3 	165667553.6 	166194860.9 	
1308 	526882.3 	165667094.7 	166193977.0 	
1309 	526496.2 	165666666.6 	166193162.8 	
1310 	526177.3 	165666289.4 	166192466.7 	
1311 	525989.6 	165666005.2 	166191994.8 	
1312 	525779.8 	165665887.7 	166191667.4 	
1313 	525327.8 	165665406.6 	166190734.4 	
1314 	525227.0 	165665043.7 	166190270.8 	
1315 	526316.5 	165665226.2 	166191542.7 	
1316 	524019.0 	165668462.1 	166192481.1 	
1317 	523163.8 	165667075.3 	166190239.1 	
1318 	522622.1 	165666411.0 	166189033.1 	
1319 	522187.1 	165665914.2 	166188101.3 	
1320 	521807.3 	165665491.1 	166187298.4 	
1321 	521459.2 	165665108.8 	166186568.0 	
1322 	521128.2 	165664747.6 	166185875.9 	
1323 	520812.9 	165664398.0 	166185210.9 	
1324 	520530.3 	165664068.5 	166184598.8 	
1325 	520305.0 	165663783.9 	166184088.9 	
1326 	520127.3 	165663558.7 	166183686.0 	
1327 	519886.8 	165663325.6 	166183212.4 	
1328 	519514.6 	165662927.7 	166182442.4 	
1329 	519135.5 	165662449.1 	166181584.6 	
1330 	518846.7 	165662054.9 	166180901.6 	
1331 	518677.0 	165661777.5 	166180454.5 	
1332 	518647.3 	165661624.8 	166180272.1 	
1333 	518420.7 	165661519.5 	166179940.2 	
1334 	517739.4 	165660618.3 	166178357.7 	
1335 	517074.5 	165659592.6 	166176667.1 	
1336 	516543.2 	165658860.0 	166175403.1 	
1337 	516103.9 	165658303.3 	166174407.2 	
1338 	515718.3 	165657839.7 	166173558.0 	
1339 	515361.5 	165657425.1 	166172786.5 	
1340 	515019.4 	165657033.7 	166172053.0 	
1341 	514697.4 	165656655.5 	166171352.9 	
1342 	514433.1 	165656308.4 	166170741.6 	
1343 	514319.3 	165656044.7 	166170363.9 	
1344 	514755.1 	165656002.3 	166170757.4 	
1345 	515179.7 	165657192.5 	166172372.1 	
1346 	516067.8 	165655137.2 	166171205.0 	
1347 	512501.0 	165661709.6 	166174210.6 	
1348 	511959.7 	165660948.0 	166172907.7 	
1349 	511569.8 	165660490.1 	166172059.9 	
1350 	511239.4 	165660116.3 	166171355.7 	
1351 	510953.4 	165659791.6 	166170745.0 	
1352 	510710.7 	165659511.5 	166170222.2 	
1353 	510509.7 	165659275.1 	166169784.8 	
1354 	510349.2 	165659078.8 	166169428.1 	
1355 	510241.9 	165658925.6 	166169167.4 	
1356 	510153.0 	165658830.1 	166168983.1 	
1357 	509836.2 	165658638.0 	166168474.2 	
1358 	509370.1 	165658125.7 	166167495.8 	
1359 	509000.4 	165657655.5 	166166655.9 	
1360 	508766.0 	165657325.4 	166166091.4 	
1361 	508701.0 	165657135.3 	166165836.4 	
1362 	508943.8 	165657143.1 	166166086.8 	
1363 	509274.0 	165657518.0 	166166792.0 	
1364 	508923.6 	165656803.4 	166165727.0 	
1365 	509465.7 	165655500.5 	166164966.1 	
1366 	507750.4 	165657448.7 	166165199.1 	
1367 	507050.3 	165656035.9 	166163086.2 	
1368 	506685.1 	165655466.2 	166162151.3 	
1369 	506501.5 	165655167.0 	166161668.5 	
1370 	506271.6 	165654974.6 	166161246.2 	
1371 	505737.7 	165654463.9 	166160201.6 	
1372 	505139.5 	165653728.9 	166158868.4 	
1373 	504627.4 	165653113.8 	166157741.2 	
1374 	504191.2 	165652612.7 	166156803.9 	
1375 	503806.7 	165652183.0 	166155989.7 	
1376 	503457.6 	165651799.2 	166155256.8 	
1377 	503129.8 	165651445.4 	166154575.2 	
1378 	502805.2 	165651104.6 	166153909.9 	
1379 	502462.2 	165650754.6 	166153216.8 	
1380 	502090.3 	165650376.0 	166152466.3 	
1381 	501699.1 	165649970.4 	166151669.5 	
1382 	501305.1 	165649555.7 	166150860.8 	
1383 	500917.8 	165649146.2 	166150064.0 	
1384 	500537.5 	165648746.0 	166149283.5 	
1385 	500160.1 	165648351.8 	166148511.9 	
1386 	499781.9 	165647958.6 	166147740.6 	
1387 	499402.9 	165647564.1 	166146967.0 	
1388 	499026.3 	165647170.2 	166146196.5 	
1389 	498655.9 	165646781.2 	166145437.1 	
1390 	498294.4 	165646400.4 	166144694.8 	
1391 	497943.0 	165646029.6 	166143972.6 	
1392 	497602.1 	165645669.6 	166143271.7 	
1393 	497271.8 	165645320.4 	166142592.2 	
1394 	496952.6 	165644982.3 	166141934.9 	
1395 	496645.6 	165644655.9 	166141301.5 	
1396 	496353.8 	165644342.9 	166140696.7 	
1397 	496084.0 	165644047.7 	166140131.7 	
1398 	495853.0 	165643780.6 	166139633.6 	
1399 	495707.8 	165643567.2 	166139275.0 	
1400 	495846.2 	165643487.8 	166139334.0 	
1401 	501716.3 	165643993.8 	166145710.2 	
1402 	494095.2 	165815639.7 	166309734.9 	
1403 	493657.6 	165815159.6 	166308817.2 	
1404 	493234.5 	165814719.3 	166307953.7 	
1405 	492805.7 	165814280.0 	166307085.7 	
1406 	492362.6 	165813829.0 	166306191.6 	
1407 	491905.0 	165813361.7 	166305266.7 	
1408 	491437.7 	165812881.7 	166304319.4 	
1409 	490964.7 	165812394.0 	166303358.7 	
1410 	490488.5 	165811902.1 	166302390.6 	
1411 	490010.3 	165811407.7 	166301418.1 	
1412 	489530.6 	165810911.6 	166300442.2 	
1413 	489050.4 	165810414.4 	166299464.8 	
1414 	488571.5 	165809917.5 	166298489.0 	
1415 	488095.8 	165809422.8 	166297518.5 	
1416 	487624.8 	165808932.1 	166296556.9 	
1417 	487159.9 	165808447.1 	166295607.0 	
1418 	486701.7 	165807968.5 	166294670.2 	
1419 	486250.6 	165807497.0 	166293747.6 	
1420 	485806.9 	165807032.8 	166292839.8 	
1421 	485371.1 	165806576.5 	166291947.7 	
1422 	484943.5 	165806128.5 	166291072.0 	
1423 	484524.1 	165805688.9 	166290212.9 	
1424 	484112.2 	165805257.4 	166289369.7 	
1425 	483707.5 	165804833.6 	166288541.1 	
1426 	483309.2 	165804416.8 	166287726.0 	
1427 	482917.2 	165804006.5 	166286923.7 	
1428 	482531.3 	165803602.7 	166286134.0 	
1429 	482151.9 	165803205.4 	166285357.3 	
1430 	481779.0 	165802814.8 	166284593.8 	
1431 	481412.5 	165802431.0 	166283843.4 	
1432 	481051.8 	165802053.5 	166283105.3 	
1433 	480695.8 	165801681.6 	166282377.4 	
1434 	480343.0 	165801313.9 	166281656.9 	
1435 	479992.0 	165800948.7 	166280940.7 	
1436 	479641.9 	165800584.7 	166280226.6 	
1437 	479292.7 	165800221.6 	166279514.3 	
1438 	478945.8 	165799859.9 	166278805.7 	
1439 	478603.2 	165799501.5 	166278104.7 	
1440 	478267.3 	165799148.8 	166277416.1 	
1441 	477940.3 	165798804.1 	166276744.4 	
1442 	477624.0 	165798469.6 	166276093.7 	
1443 	477319.7 	165798146.8 	166275466.4 	
1444 	477027.5 	165797836.2 	166274863.7 	
1445 	476746.9 	165797537.9 	166274284.8 	
1446 	476476.9 	165797250.7 	166273727.6 	
1447 	476216.6 	165796973.4 	166273190.1 	
1448 	475967.5 	165796705.9 	166272673.4 	
1449 	475735.6 	165796451.5 	166272187.1 	
1450 	475536.3 	165796220.0 	166271756.3 	
1451 	475402.5 	165796033.5 	166271435.9 	
1452 	475410.5 	165795939.6 	166271350.1 	
1453 	475657.5 	165796051.2 	166271708.6 	
1454 	475326.6 	165796257.8 	166271584.4 	
1455 	474605.3 	165795268.0 	166269873.4 	
1456 	474113.2 	165794607.9 	166268721.1 	
1457 	473765.4 	165794172.2 	166267937.5 	
1458 	473506.8 	165793852.1 	166267358.9 	
1459 	473311.8 	165793608.0 	166266919.9 	
1460 	473160.7 	165793415.3 	166266576.0 	
1461 	473054.2 	165793255.7 	166266309.9 	
1462 	473087.9 	165793159.5 	166266247.3 	
1463 	473933.9 	165793335.2 	166267269.1 	
1464 	472897.5 	165795866.2 	166268763.7 	
1465 	471826.4 	165793808.5 	166265634.9 	
1466 	471201.9 	165793008.3 	166264210.1 	
1467 	470726.8 	165792451.0 	166263177.9 	
1468 	470336.2 	165792006.1 	166262342.2 	
1469 	470004.1 	165791632.9 	166261637.0 	
1470 	469716.6 	165791312.1 	166261028.6 	
1471 	469462.1 	165791031.4 	166260493.5 	
1472 	469223.6 	165790777.2 	166260000.8 	
1473 	468975.9 	165790526.6 	166259502.6 	
1474 	468703.7 	165790254.0 	166258957.7 	
1475 	468419.4 	165789958.1 	166258377.6 	
1476 	468145.9 	165789662.7 	166257808.6 	
1477 	467897.8 	165789387.9 	166257285.7 	
1478 	467683.6 	165789143.8 	166256827.4 	
1479 	467514.4 	165788937.9 	166256452.3 	
1480 	467415.4 	165788784.9 	166256200.3 	
1481 	467454.2 	165788721.5 	166256175.6 	
1482 	467787.7 	165788846.7 	166256634.3 	
1483 	467845.6 	165789280.9 	166257126.5 	
1484 	467281.1 	165788110.4 	166255391.5 	
1485 	466864.8 	165787117.7 	166253982.5 	
1486 	466709.5 	165786584.3 	166253293.8 	
1487 	467161.9 	165786400.3 	166253562.2 	
1488 	467850.9 	165787544.2 	166255395.0 	
1489 	466660.0 	165786565.6 	166253225.7 	
1490 	468053.1 	165785550.0 	166253603.0 	
1491 	464868.4 	165793855.2 	166258723.6 	
1492 	464431.9 	165793170.5 	166257602.4 	
1493 	464169.1 	165792843.1 	166257012.2 	
1494 	463962.8 	165792605.7 	166256568.5 	
1495 	463784.2 	165792405.8 	166256190.0 	
1496 	463624.4 	165792227.7 	166255852.1 	
1497 	463481.7 	165792067.3 	166255549.1 	
1498 	463357.6 	165791924.9 	166255282.5 	
1499 	463254.0 	165791802.3 	166255056.2 	
1500 	463173.2 	165791701.6 	166254874.8 	
1501 	463117.7 	165791625.1 	166254742.9 	
1502 	463089.9 	165791574.9 	166254664.9 	
1503 	463092.4 	165791553.1 	166254645.5 	
1504 	463131.1 	165791561.7 	166254692.8 	
1505 	463230.1 	165791609.7 	166254839.8 	
1506 	463463.0 	165791735.0 	166255198.0 	
1507 	463889.4 	165792023.9 	166255913.3 	
1508 	464022.9 	165792268.8 	166256291.7 	
1509 	464029.6 	165791597.3 	166255626.8 	
1510 	464085.7 	165791321.0 	166255406.7 	
1511 	463843.9 	165790473.6 	166254317.5 	
1512 	464580.0 	165789642.8 	166254222.8 	
1513 	462997.2 	165792202.3 	166255199.5 	
1514 	463095.3 	165790775.0 	166253870.3 	
1515 	461950.1 	165792254.3 	166254204.3 	
1516 	461099.4 	165790134.3 	166251233.8 	
1517 	460607.0 	165789286.2 	166249893.2 	
1518 	460303.4 	165788782.3 	166249085.7 	
1519 	460227.0 	165788476.0 	166248703.0 	
1520 	461146.7 	165788491.2 	166249637.9 	
1521 	459609.1 	165791963.0 	166251572.1 	
1522 	458784.2 	165790351.9 	166249136.2 	
1523 	458336.1 	165789751.3 	166248087.4 	
1524 	458010.9 	165789363.2 	166247374.2 	
1525 	457744.8 	165789059.1 	166246804.0 	
1526 	457514.3 	165788800.8 	166246315.1 	
1527 	457308.1 	165788571.8 	166245879.9 	
1528 	457119.4 	165788363.5 	166245482.9 	
1529 	456943.9 	165788170.1 	166245114.0 	
1530 	456779.3 	165787988.1 	166244767.4 	
1531 	456625.5 	165787816.2 	166244441.7 	
1532 	456485.3 	165787655.7 	166244140.9 	
1533 	456364.1 	165787510.5 	166243874.6 	
1534 	456268.3 	165787387.1 	166243655.5 	
1535 	456195.9 	165787289.4 	166243485.3 	
1536 	456112.0 	165787200.6 	166243312.7 	
1537 	455952.0 	165787057.4 	166243009.3 	
1538 	455715.4 	165786810.1 	166242525.6 	
1539 	455475.8 	165786525.0 	166242000.8 	
1540 	455285.1 	165786278.8 	166241563.9 	
1541 	455163.2 	165786099.2 	166241262.4 	
1542 	455122.2 	165785995.3 	166241117.6 	
1543 	455176.3 	165785975.9 	166241152.1 	
1544 	455343.6 	165786049.5 	166241393.1 	
1545 	455673.0 	165786223.4 	166241896.4 	
1546 	456260.2 	165786532.6 	166242792.8 	
1547 	456439.7 	165786838.1 	166243277.8 	
1548 	456427.6 	165786027.2 	166242454.8 	
1549 	457552.9 	165785636.2 	166243189.1 	
1550 	454340.4 	165790166.0 	166244506.4 	
1551 	453664.6 	165789117.9 	166242782.5 	
1552 	453242.0 	165788581.0 	166241822.9 	
1553 	452898.5 	165788187.9 	166241086.4 	
1554 	452576.0 	165787839.1 	166240415.1 	
1555 	452248.2 	165787496.4 	166239744.6 	
1556 	451915.2 	165787144.8 	166239060.0 	
1557 	451595.0 	165786798.7 	166238393.7 	
1558 	451299.3 	165786475.4 	166237774.7 	
1559 	451029.4 	165786179.7 	166237209.1 	
1560 	450783.5 	165785909.9 	166236693.5 	
1561 	450560.9 	165785664.4 	166236225.3 	
1562 	450361.6 	165785442.5 	166235804.0 	
1563 	450185.8 	165785244.4 	166235430.2 	
1564 	450033.5 	165785070.1 	166235103.6 	
1565 	449902.8 	165784918.4 	166234821.1 	
1566 	449787.5 	165784785.0 	166234572.6 	
1567 	449675.0 	165784660.1 	166234335.0 	
1568 	449545.3 	165784525.5 	166234070.8 	
1569 	449379.9 	165784359.7 	166233739.7 	
1570 	449173.8 	165784150.7 	166233324.5 	
1571 	448936.5 	165783904.4 	166232840.9 	
1572 	448682.1 	165783636.5 	166232318.5 	
1573 	448419.6 	165783359.4 	166231779.1 	
1574 	448153.9 	165783079.1 	166231233.0 	
1575 	447888.5 	165782798.6 	166230687.1 	
1576 	447627.5 	165782521.6 	166230149.1 	
1577 	447374.2 	165782251.5 	166229625.7 	
1578 	447130.0 	165781990.6 	166229120.5 	
1579 	446895.9 	165781739.7 	166228635.6 	
1580 	446673.4 	165781499.9 	166228173.3 	
1581 	446464.8 	165781273.1 	166227737.9 	
1582 	446273.5 	165781062.2 	166227335.7 	
1583 	446103.1 	165780870.6 	166226973.7 	
1584 	445956.4 	165780701.8 	166226658.2 	
1585 	445832.1 	165780557.0 	166226389.1 	
1586 	445714.0 	165780428.9 	166226142.9 	
1587 	445559.0 	165780286.1 	166225845.1 	
1588 	445326.1 	165780074.0 	166225400.1 	
1589 	445031.0 	165779779.1 	166224810.0 	
1590 	444714.3 	165779446.3 	166224160.6 	
1591 	444398.1 	165779109.9 	166223508.0 	
1592 	444089.9 	165778781.3 	166222871.2 	
1593 	443793.6 	165778464.6 	166222258.3 	
1594 	443511.9 	165778162.7 	166221674.6 	
1595 	443246.3 	165777877.3 	166221123.6 	
1596 	442996.9 	165777609.1 	166220606.0 	
1597 	442763.5 	165777357.8 	166220121.3 	
1598 	442545.2 	165777122.6 	166219667.8 	
1599 	442340.9 	165776902.4 	166219243.3 	
1600 	442149.3 	165776696.0 	166218845.3 	
1601 	441969.4 	165776502.0 	166218471.5 	
1602 	441800.2 	165776319.5 	166218119.7 	
1603 	441641.0 	165776147.3 	166217788.3 	
1604 	441491.2 	165775985.0 	166217476.1 	
1605 	441350.7 	165775832.1 	166217182.8 	
1606 	441219.3 	165775688.5 	166216907.8 	
1607 	441097.2 	165775554.2 	166216651.4 	
1608 	440984.5 	165775429.2 	166216413.7 	
1609 	440881.6 	165775313.8 	166216195.4 	
1610 	440789.1 	165775208.5 	166215997.6 	
1611 	440707.5 	165775113.8 	166215821.3 	
1612 	440636.3 	165775029.8 	166215666.0 	
1613 	440573.7 	165774955.2 	166215528.9 	
1614 	440516.7 	165774887.2 	166215403.9 	
1615 	440464.6 	165774822.9 	166215287.5 	
1616 	440423.1 	165774764.0 	166215187.1 	
1617 	440406.4 	165774720.4 	166215126.8 	
1618 	440434.4 	165774709.2 	166215143.6 	
1619 	440533.5 	165774751.8 	166215285.3 	
1620 	440742.8 	165774876.0 	166215618.8 	
1621 	441148.2 	165775126.4 	166216274.6 	
1622 	441947.4 	165775631.5 	166217578.9 	
1623 	441290.7 	165776384.3 	166217675.0 	
1624 	440435.7 	165774483.9 	166214919.6 	
1625 	439886.4 	165773633.5 	166213519.9 	
1626 	439491.5 	165773098.7 	166212590.2 	
1627 	439189.8 	165772710.0 	166211899.8 	
1628 	438957.6 	165772412.9 	166211370.5 	
1629 	438788.7 	165772187.6 	166210976.3 	
1630 	438692.1 	165772032.3 	166210724.4 	
1631 	438698.1 	165771963.6 	166210661.7 	
1632 	438833.9 	165772021.7 	166210855.7 	
1633 	438821.6 	165772158.1 	166210979.7 	
1634 	438441.2 	165771806.7 	166210247.9 	
1635 	438109.2 	165771352.0 	166209461.2 	
1636 	437901.6 	165771063.4 	166208965.0 	
1637 	437784.3 	165770888.7 	166208673.1 	
1638 	437741.1 	165770795.1 	166208536.1 	
1639 	437771.5 	165770773.1 	166208544.6 	
1640 	437882.4 	165770825.2 	166208707.6 	
1641 	438072.2 	165770953.2 	166209025.4 	
1642 	438306.2 	165771133.1 	166209439.3 	
1643 	438558.8 	165771298.4 	166209857.2 	
1644 	439268.0 	165771500.3 	166210768.3 	
1645 	439600.1 	165773245.1 	166212845.1 	
1646 	440990.4 	165770226.6 	166211217.0 	
1647 	437034.3 	165781873.7 	166218908.0 	
1648 	436637.3 	165781271.9 	166217909.1 	
1649 	436389.5 	165780949.7 	166217339.2 	
1650 	436199.5 	165780715.8 	166216915.2 	
1651 	436038.3 	165780522.7 	166216561.0 	
1652 	435894.0 	165780351.9 	166216245.8 	
1653 	435762.2 	165780195.6 	166215957.7 	
1654 	435643.6 	165780052.2 	166215695.8 	
1655 	435543.3 	165779924.6 	166215467.9 	
1656 	435471.0 	165779819.7 	166215290.7 	
1657 	435445.3 	165779750.3 	166215195.7 	
1658 	435507.8 	165779741.6 	166215249.4 	
1659 	435792.9 	165779857.2 	166215650.1 	
1660 	437237.3 	165780355.9 	166217593.2 	
1661 	435663.9 	165784723.9 	166220387.8 	
1662 	435246.0 	165783645.4 	166218891.4 	
1663 	435271.5 	165783449.4 	166218720.9 	
1664 	435482.8 	165783482.7 	166218965.4 	
1665 	435579.8 	165783383.3 	166218963.1 	
1666 	435943.5 	165782721.0 	166218664.5 	
1667 	435877.6 	165782955.3 	166218832.9 	
1668 	439237.3 	165782055.9 	166221293.2 	
1669 	433255.1 	165838923.1 	166272178.1 	
1670 	433109.1 	165838702.2 	166271811.3 	
1671 	433022.6 	165838591.0 	166271613.7 	
1672 	432950.6 	165838510.4 	166271461.0 	
1673 	432878.1 	165838432.9 	166271311.0 	
1674 	432809.7 	165838355.1 	166271164.8 	
1675 	432753.6 	165838286.5 	166271040.0 	
1676 	432712.4 	165838232.4 	166270944.8 	
1677 	432685.9 	165838193.5 	166270879.4 	
1678 	432673.9 	165838169.2 	166270843.1 	
1679 	432678.3 	165838159.8 	166270838.1 	
1680 	432704.7 	165838168.7 	166270873.4 	
1681 	432765.2 	165838204.3 	166270969.6 	
1682 	432881.3 	165838282.7 	166271164.0 	
1683 	433079.3 	165838428.4 	166271507.7 	
1684 	433356.4 	165838658.7 	166272015.1 	
1685 	433449.6 	165838882.3 	166272331.9 	
1686 	433123.6 	165838532.3 	166271655.9 	
1687 	432762.9 	165837980.1 	166270743.0 	
1688 	432506.8 	165837613.5 	166270120.3 	
1689 	432328.0 	165837375.3 	166269703.3 	
1690 	432196.3 	165837208.4 	166269404.7 	
1691 	432092.8 	165837082.3 	166269175.1 	
1692 	432005.7 	165836979.6 	166268985.4 	
1693 	431927.9 	165836890.2 	166268818.1 	
1694 	431856.0 	165836808.2 	166268664.2 	
1695 	431789.7 	165836732.1 	166268521.7 	
1696 	431730.2 	165836662.4 	166268392.6 	
1697 	431679.4 	165836600.9 	166268280.2 	
1698 	431638.2 	165836549.0 	166268187.2 	
1699 	431606.6 	165836507.3 	166268113.9 	
1700 	431584.1 	165836475.3 	166268059.4 	
1701 	431570.3 	165836452.2 	166268022.5 	
1702 	431566.3 	165836438.2 	166268004.5 	
1703 	431574.6 	165836435.3 	166268009.9 	
1704 	431598.7 	165836446.6 	166268045.3 	
1705 	431642.1 	165836475.6 	166268117.6 	
1706 	431709.3 	165836526.0 	166268235.3 	
1707 	431808.9 	165836603.6 	166268412.6 	
1708 	431962.1 	165836720.7 	166268682.8 	
1709 	432236.3 	165836911.3 	166269147.5 	
1710 	432950.0 	165837297.6 	166270247.6 	
1711 	433796.0 	165838622.0 	166272418.0 	
1712 	433150.8 	165836847.3 	166269998.2 	
1713 	432826.9 	165835695.0 	166268521.8 	
1714 	432786.3 	165835305.9 	166268092.2 	
1715 	433104.2 	165835242.3 	166268346.5 	
1716 	437143.0 	165835762.2 	166272905.1 	
1717 	431620.6 	165893569.4 	166325190.0 	
1718 	431538.1 	165893403.6 	166324941.7 	
1719 	431520.4 	165893351.8 	166324872.2 	
1720 	431535.5 	165893337.9 	166324873.3 	
1721 	431582.2 	165893350.1 	166324932.3 	
1722 	431672.5 	165893391.7 	166325064.2 	
1723 	431840.0 	165893478.2 	166325318.2 	
1724 	432211.2 	165893659.5 	166325870.7 	
1725 	433774.8 	165894190.5 	166327965.4 	
1726 	431968.2 	165898861.8 	166330829.9 	
1727 	431455.1 	165897728.7 	166329183.8 	
1728 	431261.0 	165897309.0 	166328570.0 	
1729 	431220.6 	165897060.4 	166328281.0 	
1730 	431404.4 	165896944.2 	166328348.6 	
1731 	432244.2 	165897090.4 	166329334.6 	
1732 	431116.5 	165898515.0 	166329631.5 	
1733 	430523.5 	165896976.5 	166327500.0 	
1734 	430225.2 	165896451.4 	166326676.6 	
1735 	430040.7 	165896175.5 	166326216.2 	
1736 	429909.1 	165895994.9 	166325904.0 	
1737 	429803.5 	165895858.8 	166325662.3 	
1738 	429711.3 	165895744.2 	166325455.5 	
1739 	429630.2 	165895641.9 	166325272.1 	
1740 	429565.8 	165895553.0 	166325118.8 	
1741 	429529.1 	165895485.2 	166325014.4 	
1742 	429540.7 	165895451.6 	166324992.3 	
1743 	429653.8 	165895479.6 	166325133.3 	
1744 	430107.1 	165895655.5 	166325762.6 	
1745 	449725.9 	165896537.2 	166346263.1 	
1746 	427943.3 	175550869.2 	175978812.5 	
1747 	427298.6 	175550235.2 	175977533.8 	
1748 	426572.0 	175549520.1 	175976092.1 	
1749 	425927.0 	175548791.2 	175974718.2 	
1750 	425428.1 	175548203.4 	175973631.5 	
1751 	425044.9 	175547750.5 	175972795.4 	
1752 	424779.6 	175547413.9 	175972193.5 	
1753 	424626.6 	175547193.8 	175971820.4 	
1754 	424599.0 	175547086.5 	175971685.5 	
1755 	424777.3 	175547124.7 	175971902.0 	
1756 	425528.3 	175547452.6 	175972980.8 	
1757 	427590.8 	175548878.7 	175976469.5 	
1758 	425340.8 	175550027.8 	175975368.5 	
1759 	424328.9 	175548089.7 	175972418.6 	
1760 	423726.3 	175547077.4 	175970803.7 	
1761 	423351.0 	175546538.4 	175969889.4 	
1762 	423079.4 	175546189.9 	175969269.3 	
1763 	422875.5 	175545929.1 	175968804.6 	
1764 	422737.9 	175545742.1 	175968480.0 	
1765 	422640.7 	175545617.8 	175968258.5 	
1766 	422517.6 	175545504.5 	175968022.1 	
1767 	422323.0 	175545325.4 	175967648.4 	
1768 	422092.8 	175545082.6 	175967175.4 	
1769 	421874.6 	175544836.6 	175966711.2 	
1770 	421687.9 	175544619.7 	175966307.6 	
1771 	421537.8 	175544440.2 	175965978.0 	
1772 	421425.1 	175544299.5 	175965724.6 	
1773 	421350.0 	175544197.4 	175965547.3 	
1774 	421310.5 	175544133.3 	175965443.8 	
1775 	421296.1 	175544102.4 	175965398.5 	
1776 	421278.7 	175544085.0 	175965363.7 	
1777 	421236.0 	175544046.7 	175965282.7 	
1778 	421188.4 	175543985.0 	175965173.4 	
1779 	421170.2 	175543937.4 	175965107.6 	
1780 	421194.2 	175543929.5 	175965123.6 	
1781 	421240.8 	175543957.1 	175965198.0 	
1782 	421257.3 	175543976.6 	175965234.0 	
1783 	421225.1 	175543931.1 	175965156.2 	
1784 	421229.6 	175543860.5 	175965090.1 	
1785 	421468.5 	175543897.9 	175965366.4 	
1786 	423136.0 	175544360.7 	175967496.7 	
1787 	420714.5 	175550720.3 	175971434.8 	
1788 	420302.4 	175549926.4 	175970228.9 	
1789 	420151.6 	175549681.6 	175969833.3 	
1790 	420097.3 	175549579.3 	175969676.6 	
1791 	420090.5 	175549544.3 	175969634.8 	
1792 	420086.0 	175549533.5 	175969619.5 	
1793 	420032.4 	175549491.6 	175969524.0 	
1794 	419916.0 	175549378.5 	175969294.5 	
1795 	419768.5 	175549215.5 	175968984.0 	
1796 	419619.8 	175549043.6 	175968663.5 	
1797 	419482.0 	175548882.7 	175968364.7 	
1798 	419358.2 	175548737.5 	175968095.6 	
1799 	419249.5 	175548608.8 	175967858.3 	
1800 	419157.6 	175548497.5 	175967655.2 	
1801 	419085.4 	175548405.6 	175967491.0 	
1802 	419036.6 	175548336.0 	175967372.6 	
1803 	419015.6 	175548292.7 	175967308.4 	
1804 	419028.4 	175548280.4 	175967308.8 	
1805 	419086.8 	175548306.3 	175967393.1 	
1806 	419229.2 	175548389.1 	175967618.2 	
1807 	419611.8 	175548597.2 	175968208.9 	
1808 	420902.9 	175549242.1 	175970145.1 	
1809 	419760.0 	175551355.0 	175971115.0 	
1810 	419444.8 	175550192.7 	175969637.5 	
1811 	419959.0 	175550272.8 	175970231.8 	
1812 	419383.4 	175550952.1 	175970335.5 	
1813 	418618.3 	175549205.0 	175967823.3 	
1814 	418177.6 	175548503.1 	175966680.7 	
1815 	417882.2 	175548105.5 	175965987.8 	
1816 	417660.4 	175547828.9 	175965489.3 	
1817 	417483.8 	175547616.0 	175965099.9 	
1818 	417339.2 	175547444.3 	175964783.5 	
1819 	417219.6 	175547302.7 	175964522.4 	
1820 	417120.9 	175547185.3 	175964306.2 	
1821 	417040.0 	175547088.2 	175964128.1 	
1822 	416974.6 	175547008.4 	175963982.9 	
1823 	416922.6 	175546943.6 	175963866.2 	
1824 	416882.1 	175546891.7 	175963773.7 	
1825 	416850.9 	175546850.5 	175963701.4 	
1826 	416826.7 	175546817.8 	175963644.5 	
1827 	416807.1 	175546791.1 	175963598.1 	
1828 	416789.4 	175546767.6 	175963557.0 	
1829 	416771.6 	175546744.9 	175963516.4 	
1830 	416752.1 	175546721.0 	175963473.2 	
1831 	416731.0 	175546695.3 	175963426.3 	
1832 	416708.9 	175546668.0 	175963376.9 	
1833 	416687.1 	175546640.3 	175963327.3 	
1834 	416666.4 	175546613.3 	175963279.7 	
1835 	0.0 	0.0 	0.0 	
