## Las primeras 200 lineas corresponden a la esfera 1 
##las siguienets 250 lineas a la esfera 2
## Las primeras tres columnas corresponden a la posición en 'x', 'y' y 'z', dadas en kpc, las siguientes tres a las velocidades, dadas en km/s
9.125 	42.822 	-41.575 	-112.924 	25.603 	20.455 	
-63.476 	-35.686 	47.920 	2.635 	-75.321 	80.871 	
-83.338 	60.446 	-4.604 	35.019 	34.947 	-47.459 	
-7.159 	51.522 	-50.974 	-41.685 	23.394 	-28.774 	
43.656 	-35.075 	-42.159 	59.325 	51.228 	8.267 	
-77.075 	58.915 	49.225 	19.201 	84.597 	-14.038 	
-1.471 	50.151 	3.824 	66.987 	30.087 	-64.628 	
29.604 	-56.462 	36.886 	48.011 	-0.081 	28.052 	
-72.351 	-18.642 	-51.550 	68.869 	-11.256 	-49.239 	
-70.730 	18.712 	-34.195 	18.123 	61.303 	-34.113 	
80.403 	-87.358 	53.802 	-54.149 	-99.190 	-20.287 	
42.047 	-210.275 	-208.803 	-32.997 	-116.309 	-116.706 	
33.238 	-6.999 	51.169 	16.641 	-62.171 	-12.931 	
-46.845 	-41.272 	-4.079 	18.225 	26.394 	57.335 	
-15.524 	19.154 	-51.013 	-52.017 	-14.460 	-64.256 	
-20.801 	29.297 	16.093 	11.999 	43.528 	-45.914 	
6.803 	-1.270 	-29.824 	33.833 	72.255 	-1.338 	
-61.804 	-43.697 	14.896 	14.208 	29.001 	21.152 	
-34.706 	4.892 	98.041 	-34.218 	66.218 	18.271 	
41.780 	79.871 	32.727 	2.701 	-20.556 	71.970 	
46.178 	-68.050 	30.848 	-11.246 	24.526 	-18.045 	
-20.758 	42.939 	-21.667 	-70.640 	49.578 	-16.899 	
-26.729 	43.162 	-32.163 	-8.187 	-70.307 	31.090 	
-55.185 	-31.611 	-33.806 	29.513 	69.175 	-31.045 	
60.512 	0.470 	-12.417 	19.395 	-85.445 	-28.665 	
-89.373 	-87.707 	-3.028 	40.087 	3.460 	-2.225 	
16.110 	-4.354 	34.852 	-49.420 	-14.979 	-55.615 	
-43.067 	63.045 	81.528 	27.354 	14.679 	-24.723 	
6.503 	-54.736 	55.136 	43.780 	52.910 	-29.238 	
-20.374 	20.357 	-35.713 	6.142 	-48.045 	63.743 	
62.010 	-94.999 	-19.523 	-26.550 	24.034 	18.810 	
89.396 	11.012 	-2.542 	10.991 	39.087 	-58.388 	
12.065 	5.189 	-61.455 	-53.778 	-24.865 	13.313 	
-7.407 	-4.188 	-39.805 	-12.147 	44.874 	31.205 	
59.644 	1.465 	17.870 	-41.946 	-49.077 	31.525 	
69.899 	-3.131 	24.069 	-51.528 	13.022 	49.132 	
21.710 	12.909 	-24.192 	50.412 	-23.578 	-15.270 	
23.428 	-33.907 	59.128 	13.919 	-86.165 	-10.246 	
105.104 	-7.039 	-57.800 	4.218 	-29.002 	-76.618 	
27.133 	8.822 	20.045 	26.262 	59.610 	-35.616 	
31.533 	42.777 	-41.851 	78.261 	-90.992 	-7.196 	
67.590 	-22.531 	49.845 	17.140 	50.703 	-32.053 	
-24.640 	71.903 	35.442 	52.327 	-34.423 	8.408 	
15.482 	-44.926 	-1.506 	-86.454 	0.653 	-0.338 	
-35.526 	-63.405 	-47.400 	30.040 	-74.490 	60.435 	
16.625 	-49.009 	4.911 	-15.321 	-70.282 	-1.385 	
-28.981 	-93.633 	-22.221 	-34.530 	50.710 	-16.740 	
-39.510 	-62.151 	7.394 	-30.059 	-6.666 	-20.913 	
23.573 	-82.575 	18.713 	9.935 	19.051 	-64.737 	
-11.748 	-53.842 	-28.062 	67.036 	-32.488 	-0.666 	
-9.879 	-53.283 	51.751 	48.703 	41.577 	38.427 	
39.068 	-31.376 	-115.098 	46.054 	-183.076 	-200.401 	
-9.328 	51.602 	-25.837 	81.481 	36.122 	-10.991 	
24.731 	-20.670 	-20.561 	-40.679 	56.288 	11.986 	
-37.395 	-12.181 	12.653 	-13.169 	10.455 	74.748 	
-23.523 	-64.978 	34.362 	-10.180 	72.941 	32.766 	
-43.239 	-20.674 	-6.957 	51.100 	6.820 	66.071 	
-18.945 	-51.548 	-5.550 	49.834 	-49.609 	-2.270 	
-84.878 	-71.551 	109.591 	-16.161 	-2.970 	-1.488 	
46.372 	-53.704 	-51.853 	39.966 	32.448 	24.160 	
-34.247 	18.393 	20.594 	108.207 	15.439 	6.645 	
-15.719 	-18.252 	-63.696 	-86.814 	-3.496 	22.111 	
70.844 	-63.130 	35.526 	-55.859 	-27.092 	30.501 	
31.648 	-24.019 	60.764 	92.034 	-62.060 	20.035 	
-41.083 	-58.325 	-48.118 	1.738 	52.694 	8.781 	
1.157 	25.608 	-89.967 	38.828 	-51.168 	15.132 	
-22.880 	-48.202 	-53.466 	6.890 	-2.981 	-59.833 	
77.288 	-98.853 	-35.712 	1.879 	6.102 	-12.833 	
15.808 	-8.756 	-35.656 	-17.062 	-4.488 	51.947 	
-49.992 	2.169 	12.824 	38.124 	-78.897 	44.317 	
10.459 	-9.815 	-34.553 	3.310 	-31.305 	98.187 	
-87.813 	-113.883 	-84.066 	-14.857 	-31.112 	18.049 	
-13.784 	-39.681 	-7.547 	-4.512 	26.935 	-16.524 	
-55.160 	-97.672 	46.667 	38.157 	-2.379 	35.382 	
88.849 	-47.735 	-20.007 	-39.082 	-21.286 	19.831 	
-18.244 	-47.788 	-7.193 	76.438 	70.475 	-56.981 	
-8.519 	24.257 	9.881 	94.514 	-1.288 	-20.749 	
87.366 	-62.385 	59.252 	-12.683 	52.717 	15.097 	
-62.855 	34.459 	-6.196 	-49.011 	-48.413 	57.631 	
65.347 	-46.540 	31.951 	-55.637 	-35.615 	22.306 	
-70.579 	-68.493 	-8.304 	46.287 	35.030 	-11.932 	
-55.922 	-17.310 	-1.840 	-169.357 	50.100 	-48.307 	
5.292 	33.791 	54.591 	-38.000 	20.521 	-21.802 	
94.947 	-46.658 	25.036 	-4.985 	-49.071 	-17.450 	
67.550 	-42.338 	-18.133 	-23.371 	-66.829 	14.492 	
18.000 	-52.895 	13.077 	-66.738 	-46.684 	-34.809 	
-15.527 	-20.124 	64.731 	-78.524 	-64.924 	-36.480 	
19.352 	-16.812 	61.125 	-35.539 	23.843 	39.395 	
46.080 	-60.384 	96.122 	17.637 	-24.036 	-27.246 	
-8.044 	3.406 	-22.001 	-61.628 	-56.618 	-30.557 	
-0.095 	16.526 	32.672 	72.628 	-24.568 	-30.171 	
70.828 	-58.721 	-29.904 	-17.734 	-27.109 	-61.924 	
39.870 	-35.474 	-56.419 	12.214 	-40.052 	73.047 	
71.363 	-20.901 	47.498 	-70.199 	-25.393 	19.403 	
4.445 	-11.124 	-40.656 	78.598 	-40.996 	61.370 	
129.904 	22.108 	-60.667 	12.721 	-6.724 	23.888 	
-58.336 	3.785 	-26.590 	64.566 	35.895 	23.206 	
30.211 	-42.812 	-32.659 	71.344 	11.422 	-11.526 	
30.671 	-23.951 	29.473 	23.997 	15.258 	-29.747 	
-56.230 	-39.332 	-16.558 	25.753 	-80.540 	-37.704 	
100.072 	20.329 	-75.052 	-12.978 	-5.643 	-1.554 	
-99.180 	5.268 	-42.635 	-15.855 	-14.428 	-25.918 	
-92.419 	-66.908 	-17.957 	4.474 	27.216 	-9.864 	
-23.735 	1.141 	-4.770 	-61.844 	-48.661 	-7.329 	
-114.235 	-48.931 	23.841 	-10.252 	-44.715 	9.612 	
15.300 	-23.424 	-122.441 	-3.439 	-22.371 	20.625 	
-69.411 	19.178 	30.153 	40.041 	48.154 	2.630 	
61.263 	288.626 	4.556 	-23.900 	208.681 	24.447 	
19.907 	42.297 	-67.569 	79.744 	-23.898 	29.653 	
-12.418 	46.465 	18.346 	41.147 	-8.441 	-9.091 	
-45.013 	-88.025 	13.183 	-33.986 	36.845 	28.175 	
6.296 	-8.268 	34.576 	-0.760 	67.218 	35.708 	
-17.095 	5.587 	-47.540 	62.288 	-49.602 	46.660 	
-5.531 	-22.954 	62.188 	-85.769 	-61.021 	-17.171 	
-64.031 	55.007 	27.733 	35.968 	51.553 	-13.083 	
55.254 	24.503 	-45.903 	-72.207 	15.571 	-10.266 	
41.692 	44.261 	-66.359 	-20.276 	-23.654 	-8.928 	
13.112 	-86.402 	54.211 	-54.674 	9.663 	-24.545 	
-92.249 	-77.607 	-60.841 	5.330 	-64.524 	-50.319 	
29.582 	58.456 	-42.691 	65.808 	29.428 	-16.184 	
-49.043 	3.331 	-18.624 	68.656 	-52.636 	-5.998 	
-44.047 	-39.936 	53.643 	-22.446 	-10.601 	-76.350 	
25.856 	84.778 	-86.880 	32.794 	3.359 	-3.346 	
-63.873 	-56.438 	45.485 	16.487 	-93.171 	-12.869 	
-13.339 	-6.955 	2.368 	39.770 	-37.042 	7.706 	
17.401 	13.182 	-23.042 	45.114 	54.794 	36.666 	
87.524 	-20.724 	-22.175 	4.039 	28.521 	-28.327 	
5.792 	31.158 	-98.866 	28.613 	90.949 	-110.267 	
-41.578 	5.589 	42.464 	42.661 	-82.819 	-24.289 	
5.073 	-52.747 	33.277 	-67.396 	25.395 	-36.772 	
12.940 	37.835 	-31.309 	5.610 	-13.027 	14.310 	
15.182 	-15.752 	-0.051 	-93.766 	3.402 	-0.850 	
-59.349 	-61.472 	-50.129 	-36.112 	-4.046 	-52.478 	
-31.057 	-10.265 	60.137 	68.712 	-38.124 	19.311 	
71.172 	-63.623 	-8.155 	50.754 	11.176 	-70.964 	
-11.504 	15.858 	-14.473 	54.867 	8.499 	51.247 	
-12.109 	-42.661 	39.941 	84.485 	-61.686 	-0.069 	
-57.722 	-6.182 	-47.155 	-26.956 	-23.581 	-86.249 	
-10.860 	-45.397 	23.933 	-1.023 	-58.070 	51.720 	
-23.316 	-74.775 	24.434 	104.330 	-83.985 	-6.790 	
12.020 	-39.656 	13.158 	51.831 	75.739 	12.388 	
-16.498 	-34.490 	-36.756 	-26.141 	23.341 	23.309 	
-9.093 	67.270 	68.615 	62.735 	30.144 	32.516 	
7.011 	42.442 	-40.276 	95.439 	53.781 	5.936 	
-5.803 	-47.675 	0.087 	14.314 	-37.267 	-60.058 	
-28.344 	-59.080 	-15.054 	79.266 	-0.927 	-74.849 	
14.261 	-49.712 	-44.243 	33.553 	-45.605 	-4.442 	
-3.434 	34.756 	-53.433 	-19.060 	-58.500 	-65.489 	
-17.747 	81.495 	30.124 	-29.264 	-16.039 	61.594 	
8.473 	-54.571 	-46.005 	-70.583 	-30.363 	5.997 	
-23.292 	-70.510 	-33.690 	-15.252 	51.018 	33.212 	
-55.554 	-30.373 	73.809 	-67.004 	-3.894 	-13.528 	
15.027 	-10.366 	-32.222 	-95.955 	26.135 	-18.948 	
-17.772 	-21.241 	-17.050 	-35.287 	21.368 	7.295 	
-129.915 	76.750 	-64.221 	-10.814 	-6.355 	-54.143 	
-28.192 	13.920 	-35.576 	-58.844 	8.843 	60.327 	
88.280 	48.655 	-86.073 	43.498 	94.887 	-73.886 	
71.347 	-102.366 	-2.250 	5.180 	0.275 	5.651 	
-58.867 	91.919 	25.720 	-144.826 	65.745 	80.760 	
-29.062 	-5.465 	38.012 	10.216 	-4.263 	32.119 	
-26.400 	8.092 	38.967 	12.249 	45.851 	64.323 	
120.508 	23.553 	20.612 	28.960 	-19.720 	-40.715 	
-83.015 	55.835 	46.261 	61.114 	14.359 	16.294 	
-21.624 	-19.060 	-25.117 	56.658 	-38.952 	-27.472 	
6.319 	-43.476 	45.335 	25.648 	-73.189 	1.158 	
-36.370 	-71.419 	-1.954 	-46.068 	-72.932 	64.861 	
-53.255 	-2.242 	-43.441 	76.647 	17.938 	-33.517 	
-39.026 	-24.929 	-0.998 	-88.390 	11.487 	26.097 	
-8.395 	10.485 	-12.315 	-101.332 	-3.844 	22.828 	
-48.099 	-78.053 	90.217 	6.037 	-42.802 	-18.951 	
-54.860 	-44.949 	-6.996 	-31.513 	29.252 	-37.376 	
99.246 	64.945 	31.219 	26.346 	8.939 	50.398 	
-18.965 	21.886 	-20.897 	36.762 	-75.362 	-67.187 	
48.492 	-1.403 	42.174 	-39.498 	-75.457 	9.008 	
13.987 	25.910 	17.476 	-55.096 	15.827 	-36.611 	
-18.758 	-7.834 	-1.368 	30.564 	11.419 	-61.037 	
7.324 	62.134 	57.439 	71.719 	2.023 	-3.997 	
-36.941 	-57.408 	6.167 	-36.051 	26.053 	82.675 	
-52.701 	19.803 	-11.356 	42.825 	-12.737 	-6.302 	
6.000 	9.656 	-14.203 	59.611 	45.676 	8.817 	
18.712 	20.154 	-64.121 	-10.497 	-4.535 	32.353 	
83.800 	-40.622 	-44.265 	-33.276 	-10.654 	18.471 	
-99.750 	-14.937 	-129.459 	-43.423 	24.012 	-7.236 	
15.170 	-25.718 	-64.868 	33.250 	13.421 	-47.302 	
-11.444 	-4.169 	13.129 	65.269 	-50.846 	-38.831 	
53.257 	41.908 	11.154 	-10.031 	-50.223 	17.859 	
-64.907 	28.369 	15.194 	24.188 	29.970 	-8.766 	
88.030 	42.570 	6.950 	-35.574 	32.889 	24.948 	
50.916 	101.517 	-2.956 	13.884 	-18.708 	-14.996 	
-31.784 	-51.457 	37.876 	-35.016 	-7.771 	-58.099 	
51.628 	-99.383 	20.083 	-36.194 	13.081 	17.334 	
119.327 	65.486 	78.267 	2.523 	38.622 	8.386 	
32.212 	-29.441 	14.105 	52.745 	-32.760 	69.941 	
44.779 	-33.065 	16.033 	-9.069 	69.400 	-25.563 	
115.254 	109.950 	74.198 	46.628 	9.581 	4.090 	
-58.694 	-28.899 	4.673 	-36.133 	64.906 	41.972 	
-32.524 	44.872 	-38.797 	-78.461 	-30.424 	-16.053 	
61.848 	90.844 	-98.725 	33.854 	33.759 	-9.490 	
-43.992 	-45.404 	51.855 	8.429 	11.230 	-62.429 	
-87.519 	49.375 	36.328 	53.194 	-8.316 	36.832 	
748.050 	-7.621 	-44.284 	21.998 	-79.554 	-51.907 	
763.013 	13.439 	92.163 	7.956 	21.023 	-24.739 	
754.572 	-64.631 	-70.169 	-15.741 	3.644 	3.249 	
737.767 	-72.093 	26.110 	-33.238 	-39.111 	69.319 	
553.816 	80.878 	54.491 	-2.254 	-37.574 	61.980 	
462.917 	106.565 	88.061 	-296.928 	104.900 	102.024 	
662.795 	68.890 	-52.847 	-11.874 	-25.947 	-4.523 	
582.630 	15.379 	-41.055 	35.618 	17.309 	43.326 	
546.604 	61.118 	77.122 	-37.642 	-6.575 	-34.328 	
670.889 	3.651 	-34.788 	-92.180 	-17.616 	-6.758 	
678.942 	-54.765 	-7.027 	-71.879 	17.863 	-7.635 	
683.620 	-23.756 	43.649 	1.351 	-58.119 	-0.777 	
697.099 	-65.506 	40.141 	61.004 	4.005 	4.791 	
624.598 	-23.252 	10.526 	60.465 	22.318 	-10.780 	
728.785 	79.572 	-7.799 	38.158 	123.451 	-36.462 	
658.848 	-28.184 	23.596 	-70.056 	-34.424 	-6.174 	
733.414 	62.172 	-2.111 	-57.256 	3.112 	-30.245 	
578.133 	-79.257 	72.193 	58.321 	-30.109 	21.942 	
677.389 	-91.669 	52.279 	-57.309 	7.978 	50.632 	
681.320 	-45.341 	91.562 	-10.351 	-0.335 	-39.721 	
562.508 	-79.290 	45.775 	-8.021 	-24.663 	62.224 	
725.405 	-50.781 	78.216 	11.253 	0.205 	-4.652 	
711.635 	-31.917 	12.496 	-14.104 	-93.486 	72.097 	
575.168 	78.867 	55.811 	-31.337 	7.916 	51.210 	
706.350 	7.693 	-115.152 	-3.404 	-36.144 	6.744 	
839.324 	-9.037 	17.492 	76.416 	-14.441 	16.056 	
648.267 	20.513 	-2.362 	-93.366 	3.707 	-23.522 	
705.787 	77.376 	13.035 	-6.475 	3.622 	30.119 	
646.714 	-65.943 	16.151 	93.552 	21.731 	21.904 	
618.470 	-51.113 	1.363 	30.045 	19.729 	-23.443 	
704.090 	-46.439 	50.403 	-77.847 	53.139 	86.306 	
710.303 	-24.545 	-29.649 	23.913 	21.803 	63.411 	
745.766 	-61.294 	-93.516 	7.465 	-26.017 	39.919 	
643.026 	-60.056 	16.658 	113.650 	-14.696 	-2.430 	
566.753 	-92.514 	-50.050 	23.896 	-10.014 	-92.112 	
598.895 	-35.874 	-9.752 	33.997 	21.534 	-32.348 	
590.306 	1.409 	-0.397 	40.149 	54.566 	-47.353 	
656.619 	-13.556 	16.768 	43.088 	-42.284 	79.188 	
562.259 	-127.953 	-44.471 	-5.822 	7.430 	-34.925 	
552.787 	-0.787 	-100.595 	-6.832 	45.236 	5.468 	
662.006 	-11.566 	-44.349 	-58.862 	-27.873 	-84.794 	
685.347 	-29.928 	17.275 	63.119 	51.592 	-11.754 	
609.611 	49.631 	38.020 	-35.435 	-60.434 	-35.217 	
653.433 	-28.720 	31.552 	72.026 	50.370 	-43.043 	
613.250 	-15.043 	50.684 	-58.777 	-67.282 	-57.449 	
644.556 	55.195 	67.736 	35.500 	9.295 	-9.884 	
703.743 	-20.565 	-29.023 	8.723 	-59.385 	-25.443 	
732.556 	95.193 	30.679 	15.477 	-15.703 	13.363 	
624.881 	-28.122 	20.997 	-125.955 	-4.518 	-6.340 	
573.913 	-85.973 	-45.693 	-21.825 	4.565 	38.728 	
722.579 	-61.981 	-17.411 	-41.169 	-23.523 	-8.607 	
620.330 	22.989 	40.936 	-52.055 	-26.193 	-5.743 	
610.555 	-43.152 	40.442 	-4.995 	1.653 	82.273 	
556.889 	-52.603 	-30.006 	15.497 	13.223 	12.283 	
727.057 	29.345 	-38.764 	41.256 	0.741 	-87.286 	
709.548 	28.155 	38.302 	-47.867 	32.825 	-7.589 	
743.807 	68.340 	-40.583 	-39.090 	75.280 	5.494 	
559.720 	-22.113 	128.349 	-9.194 	30.365 	0.310 	
577.167 	-73.050 	-103.574 	-41.580 	-8.193 	21.749 	
661.047 	-13.712 	12.967 	53.418 	-17.313 	-95.751 	
672.158 	44.404 	19.145 	-13.198 	-25.642 	6.638 	
717.269 	-56.437 	46.671 	52.953 	64.538 	-6.942 	
653.630 	25.836 	18.512 	-5.311 	-8.286 	-61.609 	
718.339 	-89.349 	53.050 	15.557 	31.516 	-0.811 	
656.883 	-1.029 	-42.362 	-49.086 	-4.727 	11.672 	
690.062 	-50.222 	-12.081 	-163.449 	14.559 	-36.619 	
614.646 	-0.541 	-28.624 	57.568 	-9.974 	-8.328 	
718.595 	-14.901 	16.151 	-54.624 	60.141 	-7.159 	
651.941 	33.887 	-79.288 	30.460 	-40.837 	-32.203 	
728.927 	97.082 	53.150 	58.653 	-29.503 	-27.684 	
717.741 	-5.662 	-47.627 	33.524 	-70.108 	1.258 	
725.203 	37.416 	50.667 	-49.668 	-11.172 	-1.808 	
699.353 	35.726 	-8.241 	-33.267 	-35.672 	17.380 	
707.526 	-7.453 	12.520 	-58.315 	-52.827 	-45.902 	
746.025 	-32.890 	125.902 	-0.363 	20.136 	10.699 	
687.444 	74.106 	-86.289 	40.180 	2.143 	9.685 	
606.934 	-64.752 	-16.553 	34.911 	-35.529 	10.788 	
623.912 	8.999 	-12.358 	27.570 	46.368 	-29.091 	
542.678 	48.607 	118.436 	-44.218 	9.002 	-19.761 	
517.437 	-72.524 	100.263 	-2.885 	-4.885 	19.930 	
658.502 	-52.482 	-39.834 	-76.545 	50.848 	-10.954 	
566.327 	-62.213 	33.007 	53.800 	10.957 	18.234 	
644.299 	84.337 	56.679 	39.935 	-5.802 	-19.481 	
640.021 	41.924 	-16.195 	25.133 	-42.437 	86.785 	
700.783 	73.420 	88.074 	-4.990 	11.267 	-9.687 	
735.732 	-67.106 	49.982 	-65.602 	-26.958 	24.157 	
627.780 	-40.904 	-35.338 	-50.486 	42.614 	53.724 	
612.524 	-14.199 	84.912 	-49.990 	-19.002 	-51.225 	
669.716 	20.984 	-58.137 	58.485 	-26.748 	-32.960 	
672.238 	-51.952 	2.410 	-16.150 	18.500 	-39.777 	
591.854 	-84.150 	121.534 	-53.668 	-43.740 	-25.049 	
736.206 	-51.046 	-13.843 	45.676 	6.936 	12.690 	
580.603 	22.073 	-28.094 	-11.499 	-32.310 	44.559 	
674.284 	24.067 	-53.254 	34.518 	28.516 	15.824 	
690.853 	-40.829 	19.968 	-47.408 	65.880 	7.063 	
658.988 	-39.797 	114.137 	17.668 	-46.335 	-10.595 	
686.206 	15.981 	-21.925 	13.648 	14.551 	52.030 	
735.997 	87.149 	-12.568 	25.202 	-31.785 	-26.939 	
694.013 	-53.721 	-12.309 	35.302 	-69.188 	-5.572 	
714.209 	30.817 	27.220 	55.481 	31.568 	-83.079 	
679.223 	6.286 	27.420 	-42.889 	60.017 	28.577 	
708.991 	93.567 	-11.178 	-5.244 	-39.970 	-50.439 	
667.710 	-16.689 	18.278 	42.641 	-7.305 	-16.608 	
624.882 	-38.536 	-50.692 	66.350 	48.491 	1.608 	
544.920 	26.960 	-50.534 	41.211 	-20.866 	-16.624 	
679.847 	-1.353 	-58.791 	-1.355 	27.471 	19.708 	
624.713 	-33.886 	76.535 	-58.103 	-43.827 	1.514 	
763.399 	10.481 	-21.218 	-3.841 	40.269 	68.180 	
664.162 	-35.819 	53.706 	-17.147 	42.790 	-12.961 	
650.500 	33.162 	31.154 	46.938 	35.175 	21.847 	
688.786 	30.570 	-40.077 	-29.387 	45.807 	-6.003 	
748.433 	5.923 	-9.339 	-31.436 	11.642 	-31.505 	
538.814 	17.141 	-62.359 	2.270 	82.605 	-28.673 	
746.163 	4.323 	-8.249 	13.560 	92.108 	9.633 	
656.870 	80.074 	42.683 	21.323 	-42.138 	80.354 	
595.653 	3.647 	-13.320 	16.375 	36.994 	77.979 	
569.244 	-17.827 	48.885 	7.358 	52.184 	33.296 	
541.315 	-60.090 	-75.795 	-10.969 	-72.983 	-3.495 	
755.553 	20.122 	59.866 	-31.476 	-44.325 	50.583 	
653.918 	46.424 	36.139 	-22.804 	62.170 	-67.334 	
701.649 	-1.846 	118.169 	17.883 	-50.089 	-21.195 	
989.846 	-72.906 	-77.090 	231.001 	-64.742 	-60.914 	
642.705 	-78.966 	17.702 	-92.835 	23.174 	12.120 	
595.996 	-83.400 	64.684 	13.190 	-7.129 	-30.506 	
696.346 	-35.335 	15.413 	-55.692 	31.999 	-38.578 	
641.225 	55.569 	4.000 	-14.799 	19.745 	-71.078 	
676.152 	62.983 	-33.636 	87.075 	9.556 	0.006 	
655.116 	15.425 	40.185 	0.220 	-12.013 	46.012 	
603.575 	-6.543 	-100.741 	-174.611 	-17.411 	-85.153 	
745.837 	56.286 	-6.864 	-67.055 	28.436 	-11.901 	
577.642 	17.040 	114.460 	-30.783 	-2.013 	-9.692 	
660.212 	-35.670 	11.072 	-40.641 	-58.047 	34.708 	
717.374 	-63.976 	-14.903 	-67.075 	-34.983 	-4.134 	
698.562 	-0.275 	-39.165 	-10.866 	86.403 	-16.742 	
583.350 	48.560 	-1.195 	64.904 	15.835 	-10.844 	
680.621 	-7.122 	72.719 	94.576 	-24.059 	38.418 	
606.656 	-16.361 	42.380 	-20.454 	25.748 	101.657 	
774.806 	44.142 	-52.159 	-5.711 	19.022 	36.737 	
591.232 	79.749 	-52.140 	38.638 	-9.805 	0.462 	
648.184 	36.513 	60.468 	91.109 	23.487 	12.619 	
586.989 	-74.268 	64.829 	-14.442 	-22.674 	-51.985 	
753.692 	61.052 	27.830 	1.479 	-35.527 	-7.669 	
531.157 	-39.318 	-15.050 	-65.436 	-81.234 	-58.514 	
611.287 	82.669 	-26.195 	41.606 	2.767 	-3.735 	
654.086 	-10.722 	17.928 	13.980 	-14.856 	91.657 	
675.907 	-58.235 	-39.227 	87.564 	10.293 	-22.579 	
559.996 	69.889 	32.830 	-71.419 	32.730 	-79.740 	
614.723 	-10.521 	-41.395 	11.517 	-35.207 	-37.936 	
700.153 	27.306 	7.245 	-75.339 	-3.350 	-36.766 	
514.701 	105.079 	-66.296 	-26.752 	25.904 	-32.302 	
539.266 	71.568 	-72.417 	16.706 	17.943 	-53.074 	
697.226 	-21.961 	-28.017 	-29.907 	12.264 	6.779 	
494.588 	95.463 	97.074 	-20.007 	42.108 	14.951 	
669.741 	-17.850 	-24.834 	63.987 	-25.269 	48.193 	
724.168 	39.663 	-17.854 	-52.044 	-21.052 	25.447 	
559.252 	63.713 	62.628 	3.582 	25.991 	-23.586 	
665.515 	-87.993 	32.686 	19.169 	56.863 	-20.662 	
729.416 	114.016 	-80.325 	14.963 	-11.082 	-5.254 	
560.220 	-2.985 	18.897 	29.406 	-52.368 	36.632 	
640.236 	-88.276 	-16.281 	-28.127 	28.989 	63.007 	
547.235 	49.468 	-66.040 	1.374 	14.552 	-42.151 	
634.685 	-37.770 	33.505 	-59.572 	112.515 	66.279 	
732.692 	37.766 	52.117 	-50.834 	-10.612 	-0.621 	
656.541 	-9.624 	-37.647 	-51.889 	-63.273 	45.170 	
702.741 	54.202 	39.829 	-57.108 	-16.167 	23.962 	
673.999 	-85.176 	-51.665 	-1.944 	-11.470 	34.466 	
711.766 	-10.708 	-23.571 	-76.817 	-45.562 	-37.450 	
687.983 	-79.533 	21.853 	21.231 	-27.181 	68.801 	
669.423 	15.526 	-55.927 	47.359 	-75.053 	-75.386 	
577.768 	-19.320 	-92.655 	-43.041 	-83.318 	19.980 	
566.071 	-29.086 	-8.002 	54.045 	-19.915 	-10.626 	
734.789 	-12.775 	-45.734 	41.735 	11.704 	74.205 	
707.905 	34.545 	-110.351 	20.020 	42.785 	14.461 	
647.670 	12.179 	-58.583 	3.927 	-20.330 	68.983 	
677.640 	-49.717 	11.857 	88.059 	43.847 	43.482 	
599.073 	47.366 	65.179 	7.736 	-12.535 	-21.852 	
752.105 	-51.064 	52.425 	-1.656 	14.291 	97.773 	
651.582 	-4.895 	-58.822 	-79.545 	15.221 	-9.782 	
702.908 	-21.101 	18.081 	-74.237 	-34.797 	3.782 	
690.289 	-1.840 	-18.110 	51.981 	58.017 	-42.315 	
554.427 	70.329 	-32.482 	10.596 	-17.253 	-47.813 	
687.914 	-29.742 	66.333 	8.948 	16.853 	-2.928 	
606.569 	-52.342 	-10.410 	-36.903 	26.157 	-68.192 	
535.961 	63.523 	122.316 	-7.478 	56.068 	-10.657 	
559.628 	115.106 	-61.457 	-38.843 	-7.749 	-8.788 	
717.101 	-59.144 	36.373 	-14.890 	67.910 	0.810 	
580.688 	-97.407 	26.878 	-35.147 	8.730 	-64.466 	
745.166 	-61.527 	-38.902 	-0.185 	32.229 	-73.731 	
580.025 	-85.101 	-62.217 	62.282 	-23.748 	-8.955 	
631.640 	-67.887 	-12.333 	61.750 	19.002 	56.013 	
614.680 	-74.504 	-120.205 	-67.217 	-15.355 	12.936 	
640.413 	-6.304 	-41.989 	-70.743 	60.806 	1.633 	
566.103 	-2.577 	-0.879 	142.714 	142.943 	22.150 	
620.550 	42.785 	27.195 	55.137 	-6.513 	16.640 	
697.505 	-80.720 	-116.356 	-7.281 	-49.505 	8.188 	
640.458 	18.079 	-0.227 	94.231 	15.982 	-17.269 	
518.035 	49.288 	-61.995 	10.470 	17.779 	-6.153 	
684.711 	23.142 	50.038 	-5.741 	-16.042 	66.060 	
628.749 	-118.459 	4.048 	-82.248 	-133.412 	-19.961 	
743.410 	90.627 	28.262 	-19.877 	59.176 	-24.703 	
742.923 	28.697 	-16.405 	-32.218 	55.214 	50.073 	
623.726 	-76.919 	16.352 	-172.881 	-125.575 	-15.928 	
515.091 	39.604 	73.945 	-17.457 	-31.983 	6.304 	
595.230 	87.528 	-43.411 	23.900 	-26.926 	-24.286 	
707.333 	-7.107 	-3.215 	67.783 	67.318 	50.398 	
560.803 	-89.221 	-7.831 	-38.545 	-6.927 	23.430 	
578.207 	134.051 	20.008 	-12.575 	19.717 	77.435 	
529.541 	109.273 	-79.820 	-64.042 	-10.368 	-13.449 	
562.390 	-60.644 	22.620 	22.928 	50.815 	19.953 	
744.763 	54.458 	-2.282 	-70.742 	25.026 	9.422 	
641.470 	-83.911 	65.039 	4.363 	28.149 	30.889 	
640.285 	15.824 	9.984 	44.557 	-59.084 	60.542 	
717.409 	-48.350 	-32.142 	19.155 	-32.513 	14.046 	
651.058 	42.370 	16.814 	32.553 	-39.967 	18.946 	
709.041 	-57.595 	22.823 	-82.341 	-58.487 	24.839 	
675.173 	-37.672 	-31.224 	17.516 	40.986 	53.546 	
658.870 	-63.053 	47.925 	-47.930 	35.418 	68.470 	
596.145 	65.129 	-19.363 	39.338 	-41.526 	-1.428 	
502.749 	-50.314 	-48.437 	-4.105 	-25.210 	28.180 	
561.881 	52.879 	135.480 	0.283 	45.022 	8.564 	
697.426 	-38.430 	-49.658 	36.258 	45.762 	-41.879 	
549.622 	-31.493 	-50.785 	7.109 	25.449 	0.843 	
514.386 	72.955 	60.118 	-5.190 	26.496 	44.199 	
661.467 	-87.076 	34.610 	105.293 	-10.140 	-24.004 	
681.584 	-67.787 	-33.464 	3.330 	-41.154 	63.856 	
632.917 	-5.532 	20.712 	23.277 	19.606 	0.679 	
627.995 	34.824 	-21.517 	-52.626 	-43.942 	-54.198 	
709.028 	-106.999 	78.470 	50.241 	3.528 	-25.109 	
599.120 	-54.726 	42.656 	-48.351 	65.279 	41.855 	
722.724 	-94.158 	8.181 	-37.032 	35.979 	5.858 	
738.728 	18.854 	-64.480 	-28.640 	40.079 	-52.162 	
546.686 	72.752 	-11.254 	3.726 	-38.566 	-38.753 	
684.409 	-95.718 	-72.869 	-22.484 	24.472 	-4.665 	
677.037 	54.276 	-48.639 	22.285 	23.482 	2.019 	
639.251 	88.741 	-49.552 	-21.356 	-6.960 	-63.443 	
560.360 	56.326 	98.619 	-22.196 	-32.096 	-0.027 	
685.557 	55.793 	-37.690 	9.777 	7.053 	-103.855 	
534.220 	94.264 	-31.324 	32.089 	23.705 	-14.388 	
645.055 	-25.283 	-59.882 	-54.934 	15.788 	-3.266 	
806.437 	-63.278 	-23.232 	-3.611 	-34.904 	5.451 	
678.023 	3.933 	73.422 	39.585 	61.041 	-24.574 	
743.202 	66.974 	45.978 	-38.095 	-33.323 	49.121 	
680.171 	-40.156 	-10.180 	-76.749 	-76.412 	33.809 	
570.009 	-32.646 	-26.299 	-6.382 	-23.128 	-23.187 	
647.695 	35.924 	-20.406 	-32.357 	37.439 	-59.506 	
677.957 	16.270 	27.274 	2.264 	-12.299 	67.542 	
532.802 	26.151 	-28.906 	-26.749 	-12.849 	45.890 	
520.699 	-66.773 	29.032 	13.426 	-26.056 	-13.689 	
732.561 	-54.462 	3.059 	-44.736 	27.120 	19.902 	
621.158 	-93.780 	19.364 	58.294 	-30.129 	-17.841 	
