## Las primeras 200 lineas corresponden a la esfera 1 
##las siguienets 250 lineas a la esfera 2
## Las primeras tres columnas corresponden a la posición en 'x', 'y' y 'z', dadas en kpc, las siguientes tres a las velocidades, dadas en km/s
-121.469 	23.192 	10.697 	-50.625 	-36.538 	33.906 	
-19.515 	-127.665 	120.003 	39.521 	-44.499 	22.271 	
11.412 	50.604 	-57.701 	82.828 	-47.449 	-1.843 	
-48.199 	25.959 	-32.988 	-6.642 	-48.602 	47.665 	
77.787 	22.532 	-11.399 	-13.707 	12.892 	19.278 	
-21.476 	131.085 	8.208 	48.344 	20.208 	-31.927 	
102.229 	39.416 	-54.603 	54.532 	-35.324 	-0.278 	
43.063 	-26.916 	18.428 	-30.915 	28.990 	-60.247 	
68.877 	-16.490 	-46.422 	88.101 	10.181 	53.060 	
9.499 	60.401 	-47.981 	60.064 	-7.339 	2.508 	
-18.618 	-192.996 	4.995 	-65.721 	-42.700 	-36.363 	
-7.038 	-382.219 	-381.246 	-30.904 	-109.155 	-109.501 	
1.387 	-62.892 	-30.868 	-21.470 	12.413 	-51.919 	
16.046 	7.697 	62.757 	44.484 	23.786 	13.875 	
-53.629 	-29.477 	-62.811 	-5.864 	-22.247 	43.396 	
76.254 	-5.824 	-92.114 	125.117 	-71.792 	-88.252 	
20.653 	31.187 	12.216 	-13.021 	-27.486 	28.209 	
38.481 	5.264 	2.577 	70.245 	9.549 	-35.509 	
-65.108 	87.539 	79.266 	-5.439 	38.328 	-33.275 	
24.063 	8.371 	102.976 	-20.177 	-62.762 	12.408 	
-12.277 	3.802 	-8.122 	-35.582 	39.898 	-45.842 	
-81.433 	41.828 	-32.220 	-9.028 	-37.621 	11.136 	
1.606 	-76.533 	1.373 	44.587 	-43.359 	11.454 	
-3.666 	46.749 	38.782 	-2.127 	1.997 	115.957 	
19.462 	-103.352 	-43.120 	-49.820 	-26.814 	6.283 	
31.960 	-15.959 	0.754 	116.579 	68.364 	9.602 	
-56.990 	-25.322 	-70.422 	-23.407 	-23.791 	-38.373 	
2.740 	18.333 	3.423 	33.750 	-78.396 	-67.458 	
40.519 	15.323 	-49.480 	-14.477 	7.987 	-70.931 	
14.898 	-80.826 	56.688 	32.108 	-17.994 	29.537 	
-1.785 	0.069 	-9.875 	-49.356 	89.695 	10.280 	
54.253 	44.067 	-71.340 	-43.753 	3.601 	-15.010 	
-48.550 	-28.764 	54.881 	-3.167 	-13.555 	77.592 	
-17.615 	-18.121 	1.758 	25.548 	-30.133 	12.868 	
-47.790 	-85.629 	23.628 	-62.259 	-35.076 	-23.817 	
-57.910 	-25.708 	20.874 	-78.332 	-30.119 	-56.710 	
21.183 	-37.839 	4.231 	-20.249 	-48.952 	29.791 	
27.280 	-76.615 	-21.692 	-15.478 	13.830 	-66.987 	
81.606 	-46.335 	-141.509 	-27.089 	-21.359 	-32.444 	
27.998 	-7.401 	-36.346 	9.367 	-51.977 	-22.143 	
91.119 	-106.330 	-22.334 	6.433 	-80.010 	33.574 	
91.714 	-4.720 	-64.282 	-25.377 	10.012 	-63.462 	
43.672 	-39.173 	6.210 	22.398 	-95.883 	-58.146 	
-68.972 	-3.963 	-14.371 	17.825 	21.559 	2.610 	
27.230 	-78.352 	66.609 	42.256 	49.483 	54.478 	
-34.972 	-69.786 	4.719 	-9.784 	38.044 	2.187 	
15.290 	48.205 	-117.137 	105.222 	157.096 	-165.170 	
-30.483 	2.940 	-47.691 	29.259 	48.323 	-34.887 	
15.381 	0.387 	-32.859 	7.238 	62.179 	27.442 	
42.830 	-24.793 	8.170 	-15.650 	35.114 	20.509 	
49.307 	14.281 	16.257 	10.289 	23.438 	-69.278 	
106.402 	-303.466 	-402.436 	44.047 	-174.324 	-181.884 	
88.133 	11.493 	-44.027 	36.976 	-57.152 	-2.597 	
-88.030 	30.764 	-16.801 	-38.142 	24.879 	10.683 	
3.184 	-19.443 	38.045 	44.955 	-8.020 	-45.850 	
1.870 	49.407 	8.632 	60.533 	29.919 	-39.141 	
43.626 	-23.484 	48.084 	46.075 	-3.598 	-13.486 	
62.460 	-5.757 	-3.986 	29.873 	95.291 	6.671 	
-80.591 	-61.921 	73.905 	24.645 	15.097 	-46.311 	
-0.079 	7.848 	23.166 	-75.670 	31.483 	35.161 	
98.868 	-21.147 	-24.364 	39.749 	-48.515 	-44.452 	
-64.467 	-16.074 	32.227 	36.246 	3.031 	55.388 	
-19.584 	-48.678 	17.558 	-30.015 	47.664 	-52.342 	
123.403 	-99.344 	34.422 	32.817 	-34.333 	-35.997 	
-0.681 	2.983 	24.504 	60.192 	-28.262 	33.031 	
40.323 	-55.793 	15.587 	2.046 	-24.380 	102.485 	
-0.348 	-16.572 	-61.506 	21.996 	30.433 	45.762 	
35.222 	-36.788 	-23.086 	-70.469 	72.198 	38.185 	
32.989 	-104.801 	113.875 	20.371 	-65.692 	73.491 	
66.089 	-88.200 	33.749 	75.000 	-16.623 	-17.298 	
-87.999 	36.709 	-19.290 	-66.819 	-4.206 	-3.900 	
-87.550 	-131.659 	-41.179 	15.290 	6.294 	35.196 	
11.685 	24.385 	-2.265 	28.695 	23.356 	46.908 	
24.628 	-49.395 	50.125 	61.686 	53.137 	-44.510 	
-29.229 	-38.329 	20.558 	-71.208 	40.845 	17.689 	
49.897 	71.996 	-22.164 	26.977 	40.800 	20.454 	
78.404 	-12.769 	-27.837 	12.450 	-35.244 	-13.015 	
11.532 	15.572 	25.845 	-81.841 	36.209 	-71.307 	
-55.842 	-62.226 	57.526 	45.154 	-59.581 	13.361 	
-45.370 	-41.480 	6.548 	-43.526 	46.466 	-53.327 	
49.502 	33.232 	-2.462 	73.800 	58.280 	15.431 	
-254.344 	50.784 	-69.591 	-111.384 	41.050 	-41.278 	
-33.444 	9.214 	-25.683 	5.895 	-58.358 	-55.257 	
14.790 	-72.438 	-15.151 	-83.447 	60.905 	-41.777 	
-9.470 	-72.884 	17.988 	-55.404 	39.479 	24.105 	
-45.068 	-35.658 	-56.178 	-17.305 	52.227 	-20.824 	
-99.341 	-81.910 	-121.038 	-30.849 	-17.790 	-138.677 	
-31.303 	-9.296 	22.512 	-16.367 	-17.220 	-84.593 	
41.820 	-56.449 	-7.416 	-29.625 	50.758 	-99.705 	
-39.463 	-18.601 	21.988 	18.298 	44.675 	68.352 	
37.043 	-51.709 	-36.841 	-37.352 	-40.287 	-11.524 	
10.179 	-50.205 	-64.835 	-50.541 	33.712 	24.714 	
22.864 	-59.137 	72.841 	-36.236 	-3.188 	56.663 	
-113.195 	-14.896 	41.791 	-93.281 	-1.513 	-43.427 	
43.335 	-12.892 	82.216 	-9.948 	6.440 	42.704 	
108.441 	-2.632 	-10.465 	-46.648 	-29.814 	35.788 	
63.680 	5.670 	5.898 	55.823 	-35.412 	-6.275 	
133.139 	-10.323 	-19.605 	36.327 	32.083 	18.442 	
14.729 	-10.468 	-25.845 	-24.874 	-8.532 	-15.761 	
28.592 	-26.863 	-10.564 	72.445 	61.242 	47.940 	
41.386 	-2.923 	-33.604 	-72.216 	-24.603 	63.682 	
-60.928 	-23.303 	-49.372 	66.308 	-20.356 	21.464 	
1.329 	2.396 	-7.039 	105.771 	44.978 	27.525 	
-33.791 	-47.922 	-23.489 	30.911 	13.653 	-4.479 	
-77.364 	-95.134 	27.422 	54.819 	-8.629 	-1.325 	
11.476 	-40.999 	-21.899 	21.818 	8.778 	117.163 	
32.179 	32.543 	0.432 	67.364 	-55.631 	-20.718 	
25.875 	600.725 	41.696 	-22.235 	200.123 	24.029 	
80.867 	-23.263 	13.405 	-21.102 	-42.163 	52.723 	
35.734 	-50.437 	-21.436 	4.231 	-65.762 	-21.765 	
-23.391 	23.509 	12.432 	65.001 	73.194 	-31.316 	
1.703 	47.147 	12.587 	-16.788 	-12.894 	-54.761 	
48.532 	-82.825 	68.681 	26.410 	-37.250 	43.621 	
-82.475 	-84.427 	41.572 	-12.481 	-18.578 	-17.376 	
15.770 	69.163 	1.250 	60.951 	-40.694 	-18.456 	
-67.801 	-10.522 	4.782 	-55.298 	-64.423 	58.326 	
-10.099 	-41.755 	10.781 	-23.535 	-66.497 	94.328 	
-46.139 	-1.327 	-24.855 	-11.461 	75.928 	-58.278 	
-59.266 	-153.989 	-112.762 	31.196 	-36.330 	-20.548 	
86.661 	39.377 	-38.402 	8.407 	-50.054 	13.752 	
65.119 	-69.750 	14.679 	39.953 	-40.501 	41.468 	
2126.024 	-1186.821 	-69.039 	1665.674 	-877.580 	-79.999 	
69.685 	50.678 	-57.815 	21.111 	-52.085 	42.960 	
-3.606 	-139.287 	-3.284 	51.215 	-15.595 	-36.104 	
31.799 	-36.293 	-3.360 	-11.727 	-25.517 	44.175 	
448.104 	181.205 	-365.011 	527.068 	187.608 	-461.760 	
24.668 	10.382 	-26.803 	-68.468 	-0.107 	35.015 	
50.655 	153.482 	-233.120 	30.252 	72.900 	-76.113 	
42.779 	-86.238 	-26.259 	40.365 	1.577 	-23.324 	
-70.112 	15.294 	-33.327 	-8.879 	35.904 	-25.207 	
19.900 	-42.973 	3.771 	23.843 	-45.179 	11.595 	
-73.733 	-11.908 	-18.392 	-10.365 	20.750 	-15.008 	
-68.681 	-37.247 	-83.910 	20.656 	29.520 	6.494 	
66.535 	-69.958 	-2.241 	16.866 	-20.703 	-76.753 	
87.644 	-10.197 	-87.221 	-20.287 	45.573 	-22.083 	
52.692 	-29.452 	18.130 	-3.801 	-49.156 	-19.962 	
80.510 	-84.570 	23.798 	22.396 	10.637 	-26.958 	
-46.163 	-47.498 	-113.564 	25.560 	-22.667 	-8.852 	
12.306 	-77.797 	42.504 	20.875 	-11.647 	-17.425 	
125.947 	-124.706 	2.737 	81.940 	0.087 	-16.580 	
50.152 	55.655 	-12.853 	-3.150 	24.534 	-34.826 	
6.091 	23.135 	29.731 	61.086 	23.612 	45.417 	
82.915 	73.607 	78.523 	54.054 	-16.610 	-13.126 	
102.569 	55.297 	-13.943 	33.255 	-26.209 	17.035 	
12.585 	-34.766 	-38.838 	9.101 	38.845 	25.392 	
79.345 	-9.425 	-58.544 	45.187 	49.204 	18.618 	
35.450 	-43.539 	11.476 	12.732 	52.591 	42.348 	
-12.605 	-76.676 	-60.357 	13.643 	-60.230 	46.168 	
-36.700 	2.367 	87.206 	8.560 	-72.207 	1.856 	
-65.207 	-19.702 	20.691 	2.901 	68.263 	48.971 	
-5.486 	40.367 	4.481 	47.289 	31.058 	-0.769 	
-97.532 	-31.895 	6.240 	17.505 	7.083 	-59.661 	
-54.090 	-10.380 	17.989 	4.167 	-29.897 	35.985 	
-19.180 	40.795 	21.911 	-1.279 	76.675 	31.164 	
-123.182 	51.945 	-132.589 	16.734 	-24.575 	-34.324 	
-15.942 	-52.411 	47.185 	48.991 	-43.186 	14.071 	
140.557 	178.491 	-179.580 	30.244 	76.972 	-52.728 	
39.110 	-44.514 	5.209 	-58.965 	72.564 	2.846 	
-261.122 	168.757 	140.887 	-124.272 	43.910 	71.536 	
-1.169 	-22.435 	-6.561 	37.675 	-2.583 	-66.330 	
7.686 	36.717 	59.218 	28.138 	-8.822 	-37.218 	
117.434 	-13.556 	-45.829 	-38.481 	-23.960 	-35.862 	
41.812 	39.597 	19.278 	74.819 	-49.346 	-61.134 	
39.138 	-18.569 	-2.143 	7.553 	14.090 	21.025 	
32.090 	-73.217 	-18.342 	10.192 	31.891 	-50.462 	
-66.463 	-110.762 	93.094 	2.044 	1.013 	47.703 	
75.481 	-6.773 	-4.661 	54.767 	-18.390 	58.910 	
-74.340 	-3.811 	21.849 	37.376 	0.091 	-2.913 	
-60.458 	-25.318 	-9.658 	27.747 	-39.695 	-13.297 	
-14.611 	-97.749 	15.929 	39.468 	26.976 	-71.808 	
-8.276 	4.050 	-18.914 	72.621 	9.394 	43.260 	
115.421 	59.502 	93.265 	-2.645 	-12.251 	28.283 	
37.159 	-88.045 	-13.889 	38.906 	-26.485 	58.666 	
-16.925 	-99.694 	1.696 	-39.704 	-13.082 	-46.149 	
-46.202 	-44.777 	-28.777 	-2.424 	-61.496 	14.005 	
30.628 	-4.839 	-35.271 	13.242 	-13.550 	53.885 	
92.186 	26.037 	17.666 	29.567 	-47.069 	-46.177 	
-22.767 	3.288 	76.056 	36.675 	43.508 	-0.234 	
86.331 	-87.796 	8.223 	62.558 	-77.307 	17.694 	
-367.340 	-106.055 	379.011 	-512.948 	-178.369 	484.658 	
-4.728 	-24.280 	40.730 	-2.941 	-42.798 	60.193 	
-21.078 	-36.204 	13.477 	-79.300 	13.304 	25.775 	
-143.775 	20.397 	-116.530 	-14.521 	21.507 	20.927 	
41.592 	1.677 	-52.637 	5.026 	12.213 	66.698 	
29.098 	-56.821 	-36.321 	12.492 	-6.138 	16.188 	
-8.936 	-64.588 	-11.199 	-32.857 	-54.052 	-25.566 	
22.124 	14.293 	-3.002 	65.134 	-39.370 	-8.428 	
-6.900 	41.596 	26.552 	-87.978 	-45.842 	-12.118 	
49.986 	14.658 	-27.330 	-21.172 	-98.422 	-10.261 	
-63.293 	-88.865 	77.025 	-34.535 	-85.189 	175.199 	
-22.152 	-30.330 	45.750 	-49.962 	51.666 	-11.898 	
107.714 	107.468 	72.382 	-15.691 	13.340 	-13.864 	
48.103 	-64.222 	66.832 	-24.109 	-15.268 	-11.030 	
-19.975 	25.020 	0.521 	-39.197 	-18.518 	9.648 	
173.382 	105.602 	70.204 	29.549 	-12.863 	-8.206 	
-24.108 	38.219 	28.222 	71.109 	9.844 	-17.112 	
-84.332 	-38.439 	-19.760 	17.167 	-55.588 	34.364 	
103.372 	116.834 	-93.471 	21.432 	2.284 	13.918 	
-2195.208 	1120.322 	-86.963 	-1650.704 	892.287 	-93.704 	
41.064 	17.903 	56.225 	87.177 	-40.974 	-21.414 	
717.085 	-115.661 	-83.496 	-44.476 	-52.527 	-4.299 	
724.044 	31.696 	13.454 	-58.102 	-4.668 	-80.522 	
691.699 	-27.520 	-32.188 	-67.389 	48.253 	52.539 	
628.089 	-61.234 	89.450 	-81.679 	43.031 	-1.513 	
573.560 	-5.684 	115.218 	20.975 	-65.626 	8.645 	
11.854 	259.483 	238.004 	-293.722 	95.114 	93.746 	
659.275 	-15.511 	6.167 	19.222 	-62.782 	74.961 	
691.038 	-0.330 	35.207 	87.495 	-42.828 	16.895 	
526.224 	36.157 	13.269 	11.692 	-29.861 	-45.004 	
579.345 	-18.796 	-15.890 	-9.343 	4.342 	32.707 	
641.808 	15.962 	20.282 	7.838 	27.860 	17.744 	
661.472 	-59.545 	-13.686 	-26.221 	28.154 	-40.374 	
722.917 	-19.126 	11.283 	-38.705 	74.599 	-30.969 	
730.142 	20.016 	10.997 	25.567 	41.205 	13.099 	
768.625 	221.596 	-60.606 	16.383 	75.929 	-30.811 	
605.602 	-46.602 	-7.837 	-3.618 	14.113 	-26.586 	
652.637 	21.399 	-20.459 	-47.537 	-53.842 	30.830 	
687.662 	-74.753 	55.142 	77.063 	43.612 	-42.713 	
595.069 	-21.827 	77.190 	-38.655 	69.756 	-18.745 	
657.156 	8.285 	-26.230 	-25.845 	61.251 	-71.298 	
583.394 	-85.670 	112.471 	26.414 	13.592 	23.228 	
685.657 	-22.300 	16.294 	-71.631 	47.732 	-68.375 	
647.542 	-104.026 	113.080 	-50.714 	-2.555 	47.071 	
532.961 	51.120 	109.798 	-15.800 	-32.571 	18.745 	
682.221 	-37.332 	-43.089 	-23.494 	-6.185 	85.977 	
929.255 	-29.896 	39.255 	45.033 	-12.586 	12.672 	
563.034 	-6.752 	-33.114 	-6.508 	-35.160 	-12.377 	
672.036 	0.984 	14.392 	-27.349 	-102.543 	-41.963 	
779.382 	-20.922 	38.869 	43.248 	50.597 	8.537 	
682.799 	27.948 	-16.460 	50.103 	74.799 	25.659 	
578.975 	41.272 	105.446 	-76.636 	45.970 	-4.110 	
661.830 	11.924 	60.825 	-67.321 	14.097 	17.848 	
711.628 	-54.335 	9.401 	-63.151 	38.152 	80.559 	
743.143 	20.548 	6.548 	5.039 	73.458 	-3.804 	
617.449 	-74.056 	-158.236 	35.573 	25.553 	-49.559 	
692.365 	23.118 	-9.645 	52.068 	37.063 	37.177 	
706.217 	43.434 	-21.394 	64.618 	-21.999 	34.865 	
668.269 	-38.674 	91.929 	-3.579 	-0.267 	1.507 	
566.695 	-77.358 	-79.532 	8.835 	55.205 	-4.332 	
576.545 	65.791 	-52.663 	61.011 	24.594 	46.686 	
571.906 	-31.400 	-86.394 	-48.080 	-2.270 	15.682 	
683.841 	9.141 	2.300 	-48.111 	14.420 	12.030 	
644.134 	-84.088 	-8.513 	104.040 	-92.919 	17.511 	
721.247 	28.363 	-39.754 	0.094 	18.912 	-25.199 	
554.484 	-88.431 	-44.690 	-18.693 	-22.864 	-51.631 	
715.426 	9.394 	-1.742 	17.479 	-56.658 	-44.912 	
676.024 	-64.318 	-8.699 	-35.115 	8.140 	41.171 	
735.754 	15.186 	25.666 	-26.498 	-91.965 	-30.511 	
492.600 	-26.528 	7.149 	-51.721 	5.970 	-12.086 	
575.118 	-49.158 	22.470 	28.730 	39.166 	44.176 	
619.305 	-42.933 	33.215 	-58.864 	51.689 	38.196 	
593.852 	-29.744 	-14.748 	19.807 	-32.696 	-57.627 	
622.893 	-20.371 	111.664 	19.256 	25.762 	5.763 	
639.634 	0.550 	-7.273 	85.905 	42.745 	23.157 	
742.056 	16.834 	-131.365 	-12.401 	-12.418 	-34.549 	
603.632 	21.943 	-3.087 	-61.301 	-48.695 	-49.815 	
657.689 	129.673 	-7.356 	-61.080 	3.799 	29.429 	
568.971 	30.296 	87.806 	27.152 	33.025 	-52.798 	
539.779 	-68.320 	-27.934 	-0.279 	13.701 	69.990 	
732.742 	-31.579 	-71.836 	22.245 	3.838 	-16.727 	
660.096 	-42.022 	4.685 	2.487 	-23.754 	-19.979 	
705.162 	46.063 	5.681 	-74.003 	53.291 	-24.429 	
650.726 	5.320 	-49.814 	2.107 	-15.828 	3.264 	
681.821 	13.262 	8.444 	-56.489 	87.895 	-57.293 	
628.977 	-23.820 	31.680 	14.916 	-14.059 	62.960 	
477.812 	4.412 	-14.022 	-105.260 	38.784 	10.655 	
710.458 	13.042 	-0.999 	33.453 	31.759 	61.848 	
608.162 	26.501 	-12.761 	-46.382 	-12.963 	-2.906 	
697.788 	-43.264 	-52.676 	15.594 	-50.331 	69.962 	
759.817 	-2.894 	-17.239 	-28.569 	-169.291 	-48.825 	
704.742 	-84.515 	-8.332 	-42.145 	-13.089 	39.368 	
1905.143 	737.758 	1521.449 	912.674 	539.660 	1129.307 	
652.434 	-42.773 	41.055 	-1.696 	-25.565 	35.406 	
582.729 	-46.290 	-30.032 	-81.232 	19.485 	7.222 	
715.905 	-2.072 	97.416 	-41.576 	16.808 	-51.445 	
721.625 	34.502 	-21.632 	-14.305 	-51.654 	75.407 	
688.732 	-36.949 	23.982 	54.668 	77.575 	25.204 	
682.615 	42.298 	-17.165 	41.544 	-18.152 	37.658 	
504.255 	56.074 	61.908 	-4.587 	-3.294 	-48.335 	
536.101 	-66.690 	108.010 	26.944 	13.047 	-11.013 	
545.881 	44.563 	-28.282 	-55.670 	44.705 	18.394 	
694.983 	2.863 	26.352 	95.311 	71.306 	-26.707 	
705.218 	19.561 	-0.798 	27.266 	-73.873 	-71.421 	
698.287 	-53.545 	73.974 	19.353 	-53.636 	11.894 	
675.123 	38.669 	21.792 	-26.137 	-71.177 	-77.652 	
636.421 	-83.406 	31.780 	-57.946 	28.666 	-30.751 	
589.151 	10.076 	38.416 	9.218 	13.179 	31.388 	
586.181 	-34.557 	-41.580 	22.782 	3.038 	-75.564 	
730.524 	-39.801 	-35.241 	8.065 	-33.352 	45.414 	
621.963 	-1.504 	-43.963 	-21.141 	38.345 	-0.763 	
525.849 	-124.210 	53.440 	-30.821 	-7.619 	-57.068 	
721.957 	-15.988 	13.307 	-67.948 	18.115 	18.432 	
647.670 	-26.656 	30.840 	107.453 	-6.409 	13.898 	
703.535 	49.271 	12.652 	-9.296 	-37.958 	58.089 	
637.838 	47.196 	-23.544 	-12.295 	29.215 	-9.199 	
681.653 	-82.782 	39.371 	5.984 	7.382 	-71.657 	
654.927 	-7.874 	49.678 	-16.623 	-45.044 	16.465 	
698.453 	8.170 	-24.041 	-74.562 	-33.182 	33.840 	
690.147 	-72.432 	-26.779 	-25.675 	38.245 	10.871 	
733.666 	60.032 	-78.670 	-28.490 	4.969 	-35.878 	
641.916 	51.271 	27.119 	-5.367 	-21.577 	-32.139 	
676.670 	-21.646 	-41.467 	-40.238 	-83.682 	30.123 	
681.533 	-11.265 	9.000 	-24.272 	30.042 	19.893 	
706.690 	50.615 	19.664 	31.828 	21.218 	50.657 	
643.400 	-16.576 	-31.713 	82.567 	-28.610 	71.635 	
654.915 	28.511 	23.680 	-22.997 	-8.226 	62.905 	
568.796 	-67.113 	18.530 	-8.355 	5.775 	-58.560 	
667.872 	40.610 	45.301 	-97.377 	-20.201 	2.120 	
679.132 	38.799 	-38.253 	13.188 	33.155 	-59.999 	
706.942 	19.393 	-0.342 	-3.036 	-19.438 	-60.024 	
654.919 	32.589 	-7.104 	3.830 	-45.218 	49.546 	
657.219 	52.380 	-11.402 	-73.929 	-10.128 	1.191 	
574.178 	127.098 	-84.175 	34.272 	51.449 	-1.792 	
685.600 	72.841 	-29.332 	-68.708 	-1.054 	-5.917 	
680.567 	-31.580 	100.176 	7.056 	-88.235 	-15.977 	
627.832 	34.357 	77.832 	31.324 	-3.101 	24.706 	
627.334 	43.008 	59.924 	65.973 	13.413 	-19.063 	
553.856 	-143.711 	-57.838 	20.092 	-31.232 	24.472 	
663.016 	-52.772 	86.777 	-81.246 	-32.376 	-28.947 	
638.047 	50.964 	-71.134 	1.687 	-50.320 	-48.465 	
697.225 	-68.136 	26.855 	-34.881 	-18.595 	-78.531 	
1337.343 	-170.800 	-168.953 	223.973 	-63.285 	-59.307 	
545.357 	5.606 	17.313 	-25.707 	66.739 	-11.352 	
630.837 	-32.930 	-7.585 	39.587 	71.286 	-48.246 	
620.035 	47.173 	-2.080 	-19.328 	32.828 	-9.722 	
622.347 	23.698 	-76.189 	-11.429 	-38.117 	-12.092 	
767.573 	30.072 	-3.130 	20.460 	32.921 	43.029 	
667.845 	-24.696 	29.537 	-15.467 	-15.158 	-58.449 	
349.215 	-32.267 	-201.177 	-160.688 	-15.888 	-55.821 	
611.606 	39.016 	-56.582 	-81.838 	-60.592 	-15.934 	
560.299 	13.915 	61.703 	58.432 	20.819 	-68.687 	
617.761 	-61.908 	30.972 	-17.878 	33.770 	-11.227 	
619.921 	-50.756 	5.030 	-61.563 	51.396 	26.384 	
636.933 	52.118 	-10.310 	-42.664 	-40.809 	45.299 	
711.910 	10.809 	-26.533 	67.916 	-57.891 	3.494 	
782.193 	-40.970 	74.912 	35.257 	-15.019 	-23.073 	
606.301 	3.496 	139.209 	8.479 	9.763 	25.637 	
696.399 	41.948 	17.901 	-98.432 	-31.076 	32.641 	
669.417 	-57.462 	-55.088 	56.769 	-98.293 	38.640 	
752.424 	29.484 	14.594 	16.180 	-29.651 	-49.505 	
605.705 	-59.149 	-26.254 	33.431 	56.214 	-52.612 	
691.321 	-13.403 	24.427 	-88.486 	-51.443 	-17.350 	
461.318 	-143.245 	-96.328 	-32.952 	-57.187 	-46.011 	
685.123 	13.026 	-28.495 	48.575 	-74.536 	6.750 	
719.609 	-60.790 	45.784 	16.279 	-3.428 	-36.138 	
770.440 	-7.620 	-9.492 	16.439 	54.407 	44.261 	
480.458 	94.327 	-91.173 	-36.492 	3.945 	-78.426 	
664.782 	-24.047 	-23.938 	30.955 	17.144 	58.530 	
566.362 	-31.950 	-32.800 	-64.937 	-51.643 	11.974 	
495.421 	109.162 	-110.259 	-4.153 	-13.188 	-18.240 	
580.846 	71.853 	-115.539 	35.122 	-15.553 	-2.421 	
635.298 	-5.189 	30.112 	-41.392 	18.981 	56.510 	
480.715 	142.657 	107.276 	0.225 	20.171 	-0.350 	
701.475 	-31.302 	63.736 	-18.028 	11.054 	39.711 	
615.741 	-34.985 	31.056 	-66.607 	-54.898 	13.932 	
582.762 	78.077 	24.195 	30.690 	-16.819 	-30.036 	
686.306 	29.653 	4.072 	-7.328 	77.031 	-37.607 	
726.857 	59.227 	-58.967 	-23.516 	-64.784 	38.131 	
652.210 	-68.163 	20.115 	73.215 	-8.958 	-29.812 	
613.067 	7.482 	62.117 	-1.773 	70.387 	14.407 	
567.381 	55.293 	-84.640 	29.498 	-7.964 	18.307 	
565.603 	116.997 	86.844 	-36.673 	80.246 	16.500 	
-630.918 	-705.928 	-1446.424 	-1034.033 	-567.696 	-1147.307 	
607.553 	-60.667 	51.028 	-7.052 	-1.971 	45.938 	
617.836 	-21.964 	8.982 	-24.110 	-66.656 	-58.568 	
656.215 	-26.344 	44.111 	-28.735 	82.901 	63.451 	
535.214 	-17.939 	-18.621 	-154.077 	59.723 	-12.008 	
678.650 	-34.368 	69.002 	-43.130 	51.619 	-5.219 	
727.108 	-72.448 	-92.457 	22.977 	-39.884 	10.569 	
537.711 	-131.318 	-40.191 	-9.765 	-55.520 	40.020 	
692.716 	-24.132 	-13.811 	85.851 	36.166 	23.712 	
715.227 	13.378 	73.699 	-62.587 	19.044 	53.659 	
713.610 	66.581 	-31.669 	-9.020 	-24.924 	75.924 	
650.804 	-35.868 	70.197 	14.044 	-6.894 	52.341 	
745.061 	40.973 	34.926 	-8.906 	52.827 	-26.856 	
641.353 	-14.078 	-2.452 	57.428 	-58.917 	-47.358 	
703.366 	-13.405 	158.734 	-48.599 	31.258 	39.787 	
572.493 	-19.362 	16.135 	-5.822 	-21.683 	66.386 	
573.201 	-8.052 	-29.411 	-73.216 	20.379 	-18.482 	
714.322 	69.333 	-41.307 	-21.642 	29.809 	20.073 	
592.584 	17.289 	-81.563 	39.805 	-46.910 	-4.404 	
660.182 	-5.214 	-11.034 	-37.485 	23.228 	-74.975 	
598.776 	20.489 	-60.958 	19.655 	52.118 	8.335 	
540.992 	121.546 	80.383 	13.125 	18.823 	-37.424 	
516.636 	69.793 	-59.961 	-13.384 	-46.178 	9.023 	
637.768 	46.261 	-8.965 	-58.368 	43.299 	-52.618 	
562.675 	-32.937 	-61.608 	14.601 	65.432 	-36.069 	
704.318 	2.511 	-106.192 	-46.904 	45.384 	-9.550 	
679.288 	-78.146 	-40.690 	64.821 	39.712 	39.392 	
730.268 	4.611 	48.907 	34.611 	56.398 	1.812 	
523.023 	-79.988 	-58.099 	-44.443 	7.987 	64.503 	
573.252 	45.733 	-0.023 	-15.217 	2.134 	35.691 	
808.175 	164.715 	13.951 	149.803 	81.916 	3.306 	
716.438 	-23.613 	11.936 	34.019 	-52.969 	-32.040 	
675.376 	-127.974 	-69.744 	-20.228 	-8.976 	48.354 	
788.214 	21.419 	3.674 	53.957 	-4.851 	10.264 	
572.695 	59.159 	-60.457 	33.829 	-0.686 	13.530 	
670.715 	-20.829 	72.108 	-20.531 	-35.476 	-41.456 	
508.595 	-285.319 	-24.523 	-76.040 	-95.133 	-17.741 	
680.025 	121.936 	-10.918 	-54.577 	-15.454 	-27.783 	
642.047 	42.796 	54.348 	-73.591 	-48.940 	24.681 	
379.131 	-230.133 	-11.068 	-152.907 	-87.737 	-18.338 	
525.499 	-9.152 	67.330 	34.387 	-29.799 	-17.014 	
654.347 	82.049 	0.264 	50.178 	-36.051 	42.519 	
732.628 	69.039 	35.615 	-34.773 	15.848 	-3.773 	
565.692 	-58.941 	28.663 	58.186 	40.527 	11.341 	
566.884 	130.908 	128.462 	-4.063 	-21.677 	60.530 	
451.718 	88.389 	-75.337 	-35.290 	-18.729 	10.534 	
654.464 	20.388 	55.204 	84.941 	38.765 	-7.995 	
605.835 	5.470 	47.429 	-61.443 	-71.351 	27.374 	
660.261 	-2.012 	48.254 	10.917 	65.850 	-65.087 	
708.642 	-69.177 	57.152 	32.288 	-26.887 	-4.083 	
682.032 	-47.512 	20.215 	-57.114 	47.045 	41.239 	
684.607 	-29.411 	8.009 	-0.523 	-22.894 	-22.463 	
572.825 	-64.094 	28.131 	-84.335 	41.221 	-20.781 	
675.233 	29.855 	53.029 	-24.054 	18.633 	8.594 	
599.566 	10.963 	90.539 	-26.643 	49.004 	-9.845 	
693.813 	-38.990 	-1.256 	66.599 	-58.058 	32.873 	
540.224 	-80.083 	4.484 	54.122 	-5.828 	36.713 	
567.273 	105.051 	113.591 	6.850 	21.559 	-34.307 	
705.223 	40.550 	-41.456 	-25.191 	43.225 	54.635 	
617.308 	5.660 	-13.415 	81.987 	13.593 	50.179 	
536.187 	91.896 	115.468 	30.486 	-0.120 	24.184 	
770.494 	5.381 	-28.559 	28.733 	76.066 	-29.157 	
678.355 	-35.515 	72.738 	5.331 	86.434 	43.751 	
696.620 	5.315 	8.477 	22.957 	4.463 	-4.107 	
621.121 	-35.458 	-43.861 	21.857 	-26.025 	32.948 	
747.289 	-50.057 	11.034 	-9.865 	68.443 	-54.438 	
578.722 	52.963 	65.317 	13.011 	58.966 	-6.457 	
633.825 	34.308 	24.999 	-53.941 	95.001 	-6.294 	
663.197 	64.341 	-86.355 	-60.269 	13.474 	21.385 	
595.515 	-9.280 	-62.704 	62.634 	-61.247 	-10.488 	
642.424 	-10.889 	-26.824 	-27.804 	84.225 	66.528 	
704.910 	19.158 	7.521 	-5.407 	-84.133 	70.406 	
612.697 	34.631 	-102.332 	-12.317 	-54.237 	-0.059 	
542.104 	-3.047 	70.930 	-37.803 	-66.593 	-21.098 	
674.831 	31.961 	-131.816 	-11.974 	-27.292 	-25.222 	
603.946 	92.303 	-48.987 	55.852 	-29.360 	-4.839 	
577.443 	1.758 	21.395 	-23.659 	3.406 	67.157 	
760.262 	-95.564 	-8.946 	-55.952 	-2.645 	13.347 	
677.863 	54.280 	-18.000 	-25.525 	-26.591 	-66.872 	
645.640 	-18.008 	62.195 	-71.501 	-73.316 	-44.488 	
573.567 	-78.847 	39.849 	-50.247 	30.704 	22.777 	
605.626 	-43.783 	-17.143 	50.538 	19.865 	32.825 	
630.640 	38.446 	-53.729 	12.005 	-23.588 	13.124 	
663.788 	-22.419 	29.113 	15.436 	-33.372 	-53.026 	
539.890 	-2.042 	40.160 	37.170 	-23.691 	39.487 	
566.299 	-83.231 	-7.196 	40.531 	16.209 	-26.698 	
605.760 	13.376 	16.307 	-83.111 	37.291 	-8.636 	
709.936 	-52.382 	-9.523 	40.388 	80.123 	-10.987 	
