## Las primeras 200 lineas corresponden a la esfera 1 
##las siguienets 250 lineas a la esfera 2
## Las primeras tres columnas corresponden a la posición en 'x', 'y' y 'z', dadas en kpc, las siguientes tres a las velocidades, dadas en km/s
375.248 	-120.783 	17.598 	110.850 	86.161 	-24.146 	
292.580 	25.517 	25.705 	93.924 	-50.190 	27.825 	
254.505 	-75.043 	28.611 	74.048 	67.433 	-42.402 	
458.423 	-9.024 	-7.054 	31.400 	63.694 	-23.756 	
-632.807 	325.927 	131.838 	-45.939 	16.642 	5.966 	
219.848 	-13.083 	26.665 	76.787 	43.273 	-25.329 	
385.497 	49.519 	-11.183 	130.823 	-89.712 	25.899 	
58.246 	-108.952 	12.376 	40.057 	5.118 	-21.299 	
445.971 	-6.271 	32.258 	42.929 	73.731 	115.285 	
536.260 	-46.955 	37.417 	43.266 	-66.745 	3.525 	
-415.180 	-222.182 	-308.170 	-15.076 	8.362 	-19.584 	
-326.755 	-1578.928 	-1580.897 	-26.074 	-99.993 	-100.056 	
457.167 	-3.830 	29.623 	66.130 	-85.994 	0.677 	
313.351 	-94.069 	89.362 	53.487 	18.821 	9.418 	
416.890 	-6.387 	38.995 	138.715 	8.700 	-90.692 	
1348.842 	-611.828 	-562.094 	101.867 	-42.249 	-27.785 	
-13.353 	403.169 	205.584 	-14.232 	52.243 	34.497 	
637.514 	-14.731 	50.131 	66.982 	-44.026 	-25.848 	
427.306 	15.242 	37.545 	22.635 	37.220 	-126.614 	
377.077 	-211.226 	39.848 	58.770 	3.880 	-10.614 	
292.248 	-123.731 	46.162 	61.365 	88.116 	-23.740 	
687.583 	28.056 	92.669 	5.521 	-5.256 	27.221 	
496.751 	43.822 	-4.436 	6.780 	56.300 	21.497 	
290.282 	-253.215 	200.702 	45.810 	-0.897 	-40.461 	
384.439 	-112.892 	31.357 	35.857 	80.249 	22.112 	
256.113 	-96.310 	19.888 	99.018 	33.334 	6.225 	
374.422 	21.138 	37.758 	128.130 	-38.355 	30.210 	
325.631 	-40.605 	-35.584 	127.504 	-26.907 	56.074 	
109.929 	-209.255 	-5.976 	-7.047 	-29.967 	43.659 	
424.319 	19.312 	-6.019 	33.365 	6.153 	67.864 	
411.999 	20.282 	24.337 	-42.839 	134.809 	-49.348 	
402.063 	-26.149 	31.664 	16.290 	99.365 	75.805 	
415.870 	-15.419 	62.986 	144.844 	9.972 	3.251 	
300.459 	-65.192 	20.704 	133.369 	17.610 	62.264 	
384.112 	6.944 	14.663 	7.228 	96.491 	33.875 	
471.519 	-18.268 	83.992 	74.117 	9.083 	-12.724 	
417.171 	-4.658 	24.783 	102.462 	-56.788 	-7.504 	
414.343 	-142.478 	91.858 	81.665 	-37.626 	-9.321 	
569.439 	-15.700 	-77.918 	19.494 	-3.942 	-72.379 	
482.360 	12.250 	-3.202 	101.966 	-5.182 	17.961 	
365.738 	61.933 	-62.468 	140.329 	4.705 	-35.725 	
511.992 	-12.063 	-41.547 	33.337 	75.000 	-49.077 	
-169.987 	-368.054 	-369.589 	-2.752 	-9.017 	-15.008 	
480.392 	-27.722 	4.153 	72.933 	38.327 	-46.756 	
398.134 	-45.934 	45.643 	68.663 	123.169 	-40.194 	
436.319 	-26.036 	35.013 	79.889 	-32.651 	57.880 	
1246.562 	1700.163 	-1792.309 	105.007 	138.106 	-139.573 	
425.529 	10.298 	36.121 	59.365 	106.416 	52.730 	
426.611 	-43.889 	12.882 	124.585 	78.407 	-35.734 	
-448.411 	-353.503 	-61.962 	-19.229 	-25.518 	-2.609 	
418.811 	-110.436 	-62.435 	95.410 	-1.818 	62.578 	
628.762 	-2275.065 	-2446.709 	44.847 	-167.471 	-173.446 	
508.673 	82.084 	18.457 	26.877 	48.070 	-24.121 	
452.936 	-29.406 	-13.596 	76.264 	26.353 	27.123 	
547.505 	70.154 	21.131 	287.531 	94.276 	-17.145 	
549.921 	-48.429 	49.006 	36.751 	-29.137 	58.781 	
479.350 	12.971 	101.221 	9.191 	-25.087 	31.528 	
358.459 	-28.469 	-49.151 	62.170 	-22.886 	86.798 	
511.407 	34.886 	48.901 	-6.346 	34.439 	15.644 	
15.547 	-407.079 	120.341 	-392.502 	-505.417 	140.463 	
409.176 	4.264 	51.485 	21.557 	51.098 	45.319 	
457.952 	-61.531 	-19.944 	93.674 	28.610 	41.583 	
2082.035 	-870.075 	-1471.373 	241.149 	-107.168 	-160.368 	
459.057 	-23.025 	-62.494 	65.917 	20.319 	8.121 	
459.379 	-76.063 	-136.474 	77.526 	28.357 	42.711 	
547.018 	-65.096 	57.606 	52.840 	56.586 	39.861 	
261.794 	-689.421 	1337.688 	23.993 	-57.149 	110.223 	
393.311 	2.724 	15.208 	24.109 	108.577 	-104.825 	
305.356 	-442.607 	433.261 	29.102 	-7.749 	4.407 	
455.561 	27.543 	-2.818 	-17.855 	67.305 	44.682 	
534.990 	83.935 	6.857 	55.787 	47.418 	20.614 	
475.977 	-10.079 	116.779 	-66.313 	23.222 	56.292 	
417.281 	-105.162 	-23.231 	86.126 	61.592 	-8.894 	
430.494 	37.348 	0.138 	44.026 	43.489 	63.966 	
-221.848 	1001.872 	119.166 	-4.319 	82.505 	6.361 	
456.695 	-18.006 	13.973 	-0.014 	-46.350 	-28.263 	
419.740 	-18.864 	33.599 	18.939 	-225.238 	40.136 	
191.940 	-125.896 	-105.683 	80.446 	-5.540 	41.367 	
446.587 	-18.435 	-32.630 	81.008 	102.146 	9.709 	
418.132 	-5.133 	29.763 	99.517 	-51.854 	26.440 	
153.231 	-213.065 	-43.914 	56.629 	-40.239 	-14.185 	
-1337.564 	471.889 	-496.969 	-86.538 	34.247 	-35.060 	
465.748 	68.506 	-53.012 	27.344 	-87.403 	25.175 	
-1499.913 	1003.878 	2133.237 	-167.992 	106.127 	247.771 	
430.129 	-63.007 	58.447 	24.894 	96.457 	-25.977 	
401.061 	1.291 	17.785 	-2.426 	135.413 	57.389 	
-247.812 	-196.915 	-1435.062 	-7.981 	-8.217 	-104.455 	
359.308 	-9.101 	-46.211 	77.631 	19.719 	45.962 	
485.882 	-70.368 	-22.819 	85.847 	49.997 	-44.650 	
438.188 	8.885 	-4.046 	59.026 	-114.909 	0.568 	
-147.213 	94.282 	197.741 	16.576 	9.225 	0.705 	
453.256 	-36.884 	-43.980 	100.603 	11.384 	-26.038 	
555.175 	-58.810 	141.893 	28.292 	48.259 	18.281 	
-426.792 	-18.315 	-429.125 	-5.820 	-1.076 	-32.813 	
339.614 	-103.301 	65.563 	58.917 	30.766 	-42.006 	
73.252 	-122.009 	-81.465 	69.574 	4.542 	-0.647 	
425.654 	-32.301 	50.176 	34.816 	26.544 	71.598 	
1729.274 	-3397.415 	4405.207 	257.801 	-507.726 	669.348 	
597.529 	-86.512 	-115.270 	362.894 	-204.740 	-236.753 	
453.366 	42.910 	9.779 	45.731 	30.435 	-20.465 	
364.555 	-16.998 	28.372 	94.648 	111.630 	40.888 	
402.326 	-26.612 	-20.849 	57.447 	95.457 	-24.054 	
696.763 	-355.972 	-85.577 	37.378 	9.902 	-2.027 	
416.392 	-27.214 	18.173 	16.759 	82.758 	90.764 	
1946.326 	243.685 	74.768 	178.375 	11.836 	2.267 	
292.276 	-138.034 	-115.504 	51.766 	-12.120 	15.012 	
482.816 	236.272 	-56.082 	82.389 	-6.539 	-15.873 	
-209.599 	2852.022 	314.478 	-19.519 	190.493 	23.131 	
512.111 	28.009 	45.737 	-19.063 	47.196 	-5.386 	
481.253 	49.168 	17.302 	149.483 	14.198 	-20.289 	
386.453 	29.624 	4.118 	129.452 	-60.712 	22.172 	
487.663 	8.565 	51.577 	76.421 	54.122 	11.729 	
269.377 	163.355 	-161.440 	57.718 	-13.601 	17.293 	
529.489 	-131.872 	-16.200 	-8.990 	-56.453 	-14.585 	
416.332 	-113.200 	-40.399 	59.895 	-21.127 	28.284 	
438.674 	93.857 	22.309 	34.448 	18.639 	46.933 	
463.054 	28.966 	-160.744 	90.042 	12.454 	-12.220 	
407.406 	11.361 	-7.675 	101.110 	35.971 	75.997 	
363.563 	-36.021 	-10.116 	145.623 	-12.801 	39.361 	
400.888 	12.269 	32.704 	-17.437 	64.804 	-21.495 	
430.539 	-40.711 	19.001 	195.010 	2.496 	35.787 	
21526.953 	-11408.067 	-1000.843 	1665.293 	-877.346 	-79.982 	
382.253 	3.863 	37.767 	24.204 	60.053 	-44.356 	
290.715 	-121.240 	-28.945 	111.256 	-9.465 	-24.152 	
356.885 	140.920 	124.573 	-136.884 	260.502 	255.553 	
6569.573 	2344.924 	-5697.375 	525.053 	185.516 	-457.228 	
469.127 	31.312 	67.420 	-9.010 	-42.074 	-4.597 	
466.609 	824.008 	-887.840 	37.069 	49.628 	-46.650 	
410.802 	13.828 	-12.977 	98.451 	53.251 	96.346 	
429.119 	-72.880 	12.196 	95.367 	47.766 	-32.556 	
428.349 	-7.853 	48.102 	-7.129 	-3.470 	45.311 	
453.306 	-8.733 	21.417 	42.212 	31.990 	32.418 	
440.248 	212.778 	-156.983 	95.542 	76.449 	-0.437 	
369.042 	-51.537 	-156.951 	57.457 	19.214 	8.360 	
203.847 	-37.992 	-47.361 	36.468 	2.025 	40.323 	
363.692 	7.853 	21.569 	105.351 	121.839 	5.222 	
-989.961 	2584.608 	-4353.415 	-155.164 	400.801 	-660.788 	
2102.510 	507.192 	3935.625 	228.959 	62.958 	441.285 	
498.498 	56.764 	-13.866 	54.293 	54.808 	57.674 	
672.757 	-10.811 	192.236 	-19.454 	-22.068 	30.332 	
389.701 	24.441 	36.634 	120.753 	-53.984 	-11.355 	
396.937 	-31.620 	-34.845 	105.091 	43.337 	32.787 	
353.668 	8.485 	52.337 	153.833 	-20.573 	-62.156 	
492.152 	-27.695 	27.391 	69.362 	15.270 	18.804 	
421.886 	-96.254 	-10.594 	16.110 	7.412 	-2.560 	
565.657 	5.472 	76.783 	61.280 	21.733 	-23.153 	
504.754 	158.924 	-261.223 	55.342 	14.619 	-7.180 	
330.178 	-85.022 	115.234 	66.763 	45.440 	11.539 	
435.869 	-89.872 	-10.618 	104.000 	58.162 	32.017 	
458.421 	115.344 	-79.264 	93.195 	-10.160 	3.130 	
431.466 	-33.604 	26.819 	104.733 	28.263 	61.801 	
421.165 	129.771 	68.436 	-60.176 	174.766 	133.815 	
225.159 	-59.382 	-22.633 	60.736 	72.033 	4.723 	
356.260 	-28.675 	24.898 	164.905 	-0.636 	12.005 	
479.961 	8.832 	-19.034 	4.697 	-47.085 	-71.576 	
489.597 	27.322 	18.705 	44.335 	50.999 	77.807 	
503.506 	821.290 	-604.810 	31.327 	42.945 	-27.766 	
544.938 	-118.917 	58.131 	46.146 	52.140 	-16.723 	
-1579.763 	622.301 	915.954 	-109.071 	37.418 	64.638 	
-1590.722 	-593.374 	-2791.105 	-186.652 	-60.786 	-314.327 	
369.211 	13.390 	-54.289 	118.619 	-41.281 	0.830 	
390.954 	11.983 	-139.142 	55.540 	0.737 	47.898 	
319.074 	-113.348 	52.847 	57.933 	32.060 	21.366 	
380.709 	11.546 	8.487 	76.984 	23.134 	-12.209 	
-60.383 	765.417 	345.115 	2.471 	51.620 	27.781 	
389.661 	-73.354 	-18.573 	40.299 	68.984 	103.533 	
530.628 	40.183 	44.612 	19.805 	17.532 	53.320 	
447.076 	-26.887 	4.213 	57.716 	2.030 	-33.114 	
512.483 	52.919 	13.917 	34.466 	5.709 	34.785 	
337.216 	-97.664 	-48.349 	84.148 	45.845 	9.905 	
402.269 	-17.468 	10.058 	119.183 	-50.306 	-59.904 	
314.218 	3.830 	-183.862 	68.611 	10.277 	47.195 	
444.650 	-43.533 	37.252 	64.055 	54.231 	-80.098 	
455.742 	25.979 	26.038 	80.851 	24.444 	-39.556 	
412.963 	-2.853 	-5.122 	95.475 	103.586 	-115.837 	
335.935 	-126.456 	60.249 	56.611 	65.295 	-41.768 	
612.005 	-13.227 	-18.168 	17.041 	-17.655 	-15.300 	
406.522 	-6.905 	-16.372 	120.117 	-81.212 	1.072 	
342.662 	125.704 	15.692 	44.268 	23.727 	8.386 	
-6318.719 	-2178.043 	6005.414 	-510.494 	-177.751 	482.654 	
472.790 	24.388 	10.823 	100.652 	38.365 	63.589 	
489.820 	-61.381 	2.349 	-71.728 	-28.898 	8.809 	
489.369 	-65.695 	-109.510 	20.526 	52.515 	18.330 	
428.836 	-27.421 	5.589 	-4.081 	11.787 	-62.608 	
529.063 	-26.913 	13.921 	65.780 	62.959 	-23.624 	
423.376 	31.775 	1.827 	89.949 	37.361 	-86.047 	
458.304 	-54.875 	-57.598 	79.542 	23.293 	55.803 	
517.244 	65.408 	25.633 	83.139 	-14.693 	-24.114 	
556.810 	-55.904 	-15.653 	53.753 	19.593 	38.480 	
-254.047 	-943.056 	1785.655 	-13.309 	-70.205 	140.838 	
232.842 	-121.645 	65.068 	47.450 	8.718 	-22.400 	
250.202 	-294.100 	-2.438 	55.781 	21.141 	18.136 	
239.316 	-323.326 	-219.870 	33.576 	-35.751 	-19.141 	
367.435 	-21.725 	28.775 	158.706 	33.544 	-56.832 	
170.133 	233.881 	118.492 	62.390 	73.684 	26.606 	
347.405 	-157.099 	22.665 	30.272 	92.582 	8.920 	
382.690 	-9.680 	15.204 	178.847 	15.908 	15.298 	
116.487 	-145.993 	-80.166 	53.083 	21.940 	-2.985 	
-21422.627 	11513.836 	-1178.475 	-1650.407 	892.140 	-93.692 	
350.140 	-112.093 	-12.634 	29.144 	106.467 	45.711 	
503.497 	30.976 	-61.433 	-48.034 	-76.782 	9.994 	
296.052 	-14.788 	26.399 	-31.002 	-18.049 	-20.328 	
311.973 	-11.119 	4.682 	-18.043 	-46.669 	27.484 	
324.060 	-3.094 	108.028 	-47.331 	18.285 	-88.457 	
318.848 	105.962 	80.536 	-67.489 	-83.725 	22.891 	
-3343.533 	1304.275 	1272.802 	-286.235 	88.755 	87.959 	
275.256 	-32.753 	105.308 	-1433.117 	-646.089 	-84.352 	
448.220 	28.078 	-46.266 	-84.239 	24.161 	20.005 	
426.733 	104.844 	70.690 	-99.676 	2.698 	-69.582 	
309.481 	-58.945 	131.273 	-20.812 	-25.824 	-21.387 	
345.265 	-30.487 	1.794 	-7.982 	53.866 	19.581 	
-279.168 	-4426.262 	1191.280 	-135.646 	-725.369 	184.776 	
330.598 	-7.693 	13.859 	-4.451 	49.241 	-48.951 	
9660.854 	16687.314 	-4032.592 	2486.965 	4580.914 	-1118.276 	
763.166 	762.543 	-300.775 	-8.792 	31.423 	-14.958 	
599.056 	108.339 	226.367 	13.151 	4.230 	72.505 	
378.385 	-6.420 	-46.953 	-10.881 	-24.490 	-33.079 	
360.039 	-127.601 	70.312 	-30.587 	2.844 	-35.940 	
372.786 	-82.442 	-2.492 	-5.104 	-42.636 	36.059 	
311.139 	76.665 	45.536 	-68.339 	-33.456 	66.449 	
366.864 	-3.224 	-8.276 	-79.906 	-102.883 	-73.280 	
392.157 	-20.988 	4.870 	31.655 	-89.341 	-117.257 	
420.535 	-36.672 	70.762 	-128.580 	-2.038 	-7.921 	
188.409 	-226.560 	428.139 	-89.267 	-81.739 	84.287 	
297.847 	112.829 	95.198 	-48.808 	-16.768 	-37.751 	
953.267 	-106.461 	122.709 	-27.066 	-2.179 	2.810 	
441.112 	228.006 	193.204 	-19.613 	94.296 	89.712 	
350.669 	41.283 	-4.361 	-37.575 	-80.753 	-25.742 	
173.287 	-110.337 	20.743 	-18.168 	46.050 	-0.447 	
-4.444 	21.986 	-30.482 	-20.289 	19.257 	-0.578 	
415.060 	47.999 	67.105 	-70.865 	35.731 	-27.257 	
343.036 	-6.608 	51.208 	9.672 	58.302 	5.260 	
341.836 	49.447 	76.940 	-89.257 	-6.041 	-79.892 	
287.841 	-41.622 	-28.404 	-39.549 	-52.189 	-57.259 	
474.540 	84.843 	163.560 	-94.879 	-42.692 	27.044 	
350.659 	5.202 	20.847 	106.328 	-32.202 	-18.096 	
160.998 	123.479 	-10.218 	-0.223 	74.940 	-3.339 	
70.717 	-114.918 	-16.753 	-10.320 	-57.955 	-28.773 	
315.572 	-1.791 	-6.657 	-163.251 	109.292 	-42.792 	
410.961 	-3.211 	8.069 	-61.213 	-111.919 	36.813 	
361.331 	-24.700 	-2.246 	24.885 	22.279 	-107.647 	
574.321 	20.339 	13.513 	-13.278 	-41.862 	1.249 	
1323.912 	-263.549 	175.838 	37.994 	-3.392 	13.220 	
313.490 	-83.294 	-72.430 	-21.454 	81.905 	65.409 	
993.173 	-1452.552 	-98.532 	54.252 	-195.854 	-7.616 	
329.770 	3.707 	18.627 	-121.262 	-0.969 	-95.617 	
338.673 	19.932 	-22.167 	-105.007 	-125.797 	-28.507 	
429.052 	-37.382 	-41.648 	-58.218 	-43.191 	-29.256 	
285.226 	17.698 	-7.227 	-38.102 	-22.826 	7.268 	
1218.965 	-388.527 	-1224.370 	54.593 	-44.546 	-127.450 	
449.575 	-17.745 	22.187 	-42.150 	-21.658 	34.732 	
429.854 	37.070 	-84.897 	-47.976 	13.596 	42.464 	
365.907 	-69.921 	-7.487 	-55.890 	-42.070 	91.526 	
167.368 	-54.678 	67.912 	14.931 	-40.424 	53.277 	
418.640 	64.863 	146.855 	-22.994 	-13.123 	-70.733 	
316.916 	-53.124 	25.763 	-54.825 	73.569 	44.446 	
264.790 	68.755 	23.237 	-106.562 	-55.245 	12.408 	
291.953 	113.565 	-34.514 	-50.159 	-13.322 	-46.083 	
489.108 	0.840 	-152.692 	-88.126 	-18.556 	27.768 	
389.075 	33.250 	28.069 	-104.576 	-89.551 	4.476 	
349.583 	57.124 	27.593 	-101.147 	-37.260 	60.275 	
926.923 	-902.746 	342.630 	122.130 	-277.275 	98.320 	
370.978 	-4.103 	1.760 	-116.023 	-140.284 	4.710 	
310.238 	146.907 	-217.108 	-59.190 	-14.883 	-33.246 	
171.145 	-73.822 	52.457 	-32.272 	-39.007 	-19.495 	
-313.019 	-157.910 	-40.878 	-32.747 	-42.017 	-7.520 	
497.223 	629.530 	347.353 	-21.083 	152.485 	97.993 	
368.707 	-15.069 	16.919 	-98.726 	-69.300 	-8.737 	
477.005 	-59.365 	52.959 	-83.345 	22.833 	46.207 	
-80.113 	-1277.510 	-226.518 	-73.685 	-92.935 	-13.669 	
342.317 	-3.120 	-37.736 	-38.120 	-66.188 	1.322 	
12534.618 	7023.081 	14674.337 	912.368 	539.495 	1128.966 	
661.081 	364.429 	-88.540 	390.712 	430.786 	-112.532 	
318.684 	54.160 	25.349 	-21.850 	63.198 	8.684 	
456.360 	-8.612 	-0.654 	-68.747 	-1.652 	-58.163 	
328.925 	-9.267 	-31.968 	10.705 	-2.132 	-19.950 	
4194.567 	1125.133 	1045.575 	330.017 	100.902 	98.693 	
297.944 	3.195 	-26.329 	-18.599 	13.482 	-69.880 	
291.500 	-0.648 	-114.091 	-59.549 	-31.671 	-0.233 	
344.126 	-10.663 	-0.135 	-20.157 	-1.152 	-125.113 	
295.322 	13.699 	13.782 	-116.858 	-42.103 	-58.184 	
359.280 	40.621 	-26.429 	-17.270 	60.996 	-14.382 	
-656.432 	-1960.635 	-1314.438 	-116.683 	-164.229 	-108.054 	
456.291 	-51.152 	-110.400 	-45.630 	11.118 	-35.333 	
631.767 	99.320 	-13.676 	-36.655 	-31.349 	-7.142 	
385.024 	-12.758 	13.997 	-4.263 	-109.441 	10.881 	
320.861 	-11.139 	17.967 	-74.449 	31.006 	-31.933 	
342.808 	-12.121 	-65.289 	27.317 	32.144 	40.486 	
462.289 	-21.650 	119.781 	-61.883 	19.506 	-11.201 	
310.549 	-59.610 	12.447 	-44.484 	19.241 	8.926 	
416.419 	-70.389 	193.011 	-76.381 	-41.947 	-16.498 	
341.381 	-8.775 	16.282 	-106.067 	-18.216 	-4.633 	
345.036 	7.423 	-18.823 	-19.822 	-13.050 	-27.815 	
888.050 	-277.439 	105.412 	17.852 	-32.105 	9.939 	
236.837 	-93.662 	47.148 	-35.344 	-25.067 	5.329 	
429.320 	38.924 	-34.087 	-63.598 	31.470 	49.086 	
327.059 	4.196 	12.095 	-58.711 	-91.511 	7.237 	
416.549 	7.844 	7.755 	-126.058 	-6.629 	96.532 	
349.287 	163.048 	132.869 	-26.497 	29.841 	42.835 	
336.544 	7.288 	-84.758 	-106.073 	-44.300 	37.300 	
318.961 	-14.302 	37.621 	-70.155 	-13.066 	38.499 	
386.178 	0.584 	137.512 	-46.884 	-13.333 	-30.493 	
294.766 	-51.448 	57.291 	-222.074 	-153.903 	32.457 	
356.382 	-60.878 	-24.987 	-121.332 	17.401 	53.004 	
279.926 	7.722 	-104.741 	-36.615 	-33.721 	34.178 	
329.253 	19.131 	4.240 	-56.910 	-18.256 	-22.265 	
356.197 	-38.814 	-8.982 	-66.541 	-64.044 	-70.889 	
320.899 	-36.289 	-28.736 	-116.051 	6.151 	-19.650 	
471.616 	35.662 	22.647 	-56.915 	-17.787 	42.250 	
1163.750 	457.356 	293.155 	19.606 	24.857 	19.460 	
365.379 	-8.513 	56.157 	-122.392 	-17.787 	-56.494 	
313.764 	14.583 	39.468 	-58.029 	-10.598 	-46.621 	
258.062 	-134.046 	39.476 	-76.366 	33.738 	-56.163 	
337.300 	6.436 	-2.104 	-41.724 	-50.081 	28.259 	
401.557 	-56.401 	98.671 	-55.938 	-51.679 	-78.504 	
37.924 	2033.020 	1142.133 	-75.132 	278.263 	161.812 	
329.449 	130.475 	-3.749 	-25.721 	-47.328 	-29.920 	
347.970 	-62.895 	50.336 	-27.102 	32.956 	4.934 	
310.072 	-17.892 	0.711 	-179.431 	50.706 	-12.862 	
359.770 	-100.413 	-16.897 	-44.980 	-71.952 	66.710 	
390.448 	-22.473 	-61.984 	-116.707 	38.436 	31.371 	
3893.706 	-895.762 	-847.649 	217.721 	-61.807 	-57.843 	
302.134 	73.335 	-33.170 	-53.259 	6.976 	-49.924 	
269.238 	-95.331 	-98.335 	-11.020 	69.419 	-1.036 	
2958.319 	91.768 	683.469 	225.470 	6.076 	71.414 	
368.836 	-25.211 	42.994 	-54.583 	-21.685 	-74.671 	
1072.372 	-1451.070 	3369.758 	28.591 	-139.848 	310.083 	
305.005 	33.860 	122.099 	-74.358 	11.728 	-59.351 	
-1413.636 	-172.353 	-526.842 	-143.829 	-10.792 	-20.778 	
299.772 	-38.858 	80.733 	-18.485 	-11.343 	-15.892 	
257.900 	27.911 	-53.754 	-18.791 	-54.563 	-17.270 	
334.265 	-38.655 	26.992 	-86.925 	-17.747 	51.828 	
376.678 	-65.830 	-3.472 	-33.182 	-86.288 	12.867 	
334.136 	-18.022 	-1.063 	-48.334 	-126.619 	-47.490 	
313.657 	-19.232 	-0.343 	-3.542 	-96.071 	18.696 	
390.090 	-16.767 	-8.959 	-48.347 	-136.740 	-195.325 	
332.598 	-15.964 	-29.663 	-52.311 	32.183 	138.607 	
442.239 	81.242 	51.512 	-72.924 	-74.192 	-31.518 	
752.079 	-160.480 	456.399 	-18.584 	12.284 	21.840 	
527.451 	40.335 	-132.759 	-65.295 	-13.151 	-6.154 	
293.910 	-29.597 	44.236 	58.649 	-51.358 	19.959 	
275.497 	-32.201 	-17.735 	-25.474 	-49.616 	28.367 	
173.490 	-400.164 	-306.500 	-19.011 	5.505 	5.056 	
358.175 	0.558 	88.615 	-125.499 	7.651 	-13.913 	
-5.423 	47.656 	787.527 	-62.659 	-8.400 	79.419 	
-974.768 	1819.600 	-2576.950 	-162.096 	163.259 	-242.017 	
261.202 	-59.837 	-416.849 	-12.773 	-16.784 	15.349 	
442.123 	54.567 	45.989 	-117.535 	-33.194 	-40.723 	
374.100 	15.462 	-1.185 	-66.707 	-33.276 	-75.164 	
472.489 	24.510 	114.116 	-96.322 	2.254 	-56.064 	
342.610 	-4.667 	-79.937 	-31.004 	-32.646 	-43.508 	
375.768 	-51.976 	-5.329 	54.682 	-87.810 	-31.554 	
350.664 	59.555 	6.246 	-90.829 	-36.001 	-77.583 	
346.336 	-12.147 	10.113 	-6.332 	-14.378 	-1.724 	
-2383.634 	764.694 	-979.920 	-291.148 	78.284 	-97.209 	
382.089 	-41.272 	16.588 	-68.869 	37.999 	-20.847 	
459.997 	89.013 	42.416 	-71.486 	-30.626 	-77.623 	
509.590 	-77.491 	-26.537 	-69.122 	-36.722 	38.848 	
1009.925 	389.490 	-403.789 	7.078 	33.721 	-23.154 	
662.634 	6.303 	-108.591 	-30.004 	-9.558 	-22.791 	
514.358 	-127.285 	204.346 	-54.993 	13.342 	-36.276 	
322.056 	136.940 	-13.735 	3.263 	-96.190 	-11.971 	
-12674.041 	-7317.420 	-14808.087 	-1033.714 	-567.491 	-1146.884 	
268.730 	-52.172 	8.539 	-9.055 	29.007 	-19.026 	
373.556 	2.221 	18.915 	-79.156 	-26.592 	114.964 	
443.371 	-55.509 	105.674 	-72.201 	56.840 	-40.843 	
-845.374 	192.904 	23.328 	-102.813 	-0.170 	6.107 	
-506.424 	-132.956 	-1729.042 	-106.956 	-17.384 	-159.970 	
369.863 	-57.388 	44.572 	39.568 	-15.279 	77.800 	
369.882 	134.660 	-131.396 	-74.695 	-30.799 	-25.505 	
179.230 	-256.331 	-164.386 	-35.364 	8.838 	-1.601 	
384.847 	88.731 	183.607 	-64.204 	-19.932 	-19.325 	
340.188 	-18.936 	-13.035 	79.375 	67.059 	-34.667 	
-310.767 	373.362 	-420.082 	-85.189 	21.926 	-24.880 	
93.609 	-60.117 	7.929 	-0.259 	36.147 	-21.535 	
175.136 	-200.249 	9.657 	0.080 	-68.542 	32.855 	
399.732 	24.440 	108.708 	1289.992 	605.491 	-13.616 	
323.927 	-14.078 	27.334 	-54.907 	-39.562 	63.638 	
327.759 	-41.258 	7.627 	-10.359 	-100.100 	115.216 	
294.618 	-49.702 	-85.585 	-70.910 	-28.382 	57.391 	
32.447 	73.400 	-264.627 	-72.029 	-15.823 	-35.839 	
-2226.015 	-551.586 	-225.759 	-275.574 	-51.956 	-12.508 	
8.135 	628.537 	-313.229 	-145.610 	165.739 	-91.780 	
378.233 	-217.729 	177.395 	-37.284 	34.619 	-11.569 	
328.966 	18.292 	-5.659 	-96.929 	-132.923 	19.979 	
354.790 	-59.400 	32.965 	-12.064 	-28.118 	-10.428 	
379.046 	-258.263 	76.066 	-65.700 	6.794 	-33.423 	
309.496 	64.228 	19.674 	-54.582 	-77.229 	55.373 	
336.361 	-14.280 	-12.339 	38.703 	-127.783 	-101.983 	
343.594 	101.491 	-65.014 	-60.701 	-21.092 	22.676 	
328.968 	-59.553 	-40.547 	-105.152 	31.614 	88.655 	
320.124 	-64.618 	21.062 	-16.527 	41.002 	-83.432 	
2335.863 	959.089 	44.002 	125.841 	65.117 	2.508 	
446.250 	-69.567 	89.689 	-107.392 	11.292 	-14.600 	
419.879 	-63.017 	93.460 	-51.575 	41.644 	21.419 	
394.313 	-20.913 	36.025 	-2.748 	-28.783 	-37.186 	
380.743 	-59.174 	69.384 	-118.736 	-29.152 	0.371 	
287.553 	24.260 	18.034 	-50.150 	-70.890 	-4.365 	
-338.503 	-1087.493 	-193.788 	-68.800 	-56.876 	-12.731 	
402.323 	54.786 	-112.584 	-81.149 	-52.199 	-16.038 	
325.684 	-6.990 	-55.744 	16.258 	46.893 	-32.520 	
-1319.688 	-972.171 	-194.599 	-140.327 	-56.609 	-14.808 	
342.848 	-69.718 	-27.627 	23.889 	37.240 	-34.655 	
403.106 	-224.363 	56.314 	-62.054 	52.950 	-9.605 	
-8483.750 	-16611.111 	4025.350 	-2508.050 	-4585.833 	1099.955 	
373.801 	-36.244 	19.306 	68.459 	10.315 	-23.719 	
370.310 	152.893 	-69.184 	-79.208 	25.029 	41.340 	
894.678 	362.619 	-45.174 	55.176 	91.651 	-26.741 	
313.277 	115.511 	68.863 	0.996 	-45.646 	-43.186 	
3745.579 	-81.918 	534.332 	313.016 	-2.240 	48.551 	
1133.547 	4330.916 	-1295.084 	97.315 	718.247 	-225.388 	
345.964 	-27.278 	29.913 	-37.552 	-118.237 	-44.839 	
911.734 	-25.497 	376.397 	1.621 	-13.466 	11.628 	
374.506 	-59.697 	3.199 	-20.859 	-98.970 	-18.143 	
77.155 	-164.832 	35.127 	-94.992 	10.756 	-32.577 	
321.018 	-23.329 	69.644 	11.261 	-38.655 	48.412 	
284.327 	-115.351 	-68.553 	-90.648 	-44.254 	-0.367 	
342.843 	-32.987 	26.884 	9.963 	-31.613 	52.616 	
207.543 	-314.691 	217.564 	-74.643 	-43.868 	46.908 	
659.937 	-378.404 	-105.164 	-21.807 	-24.374 	19.474 	
211.323 	-312.107 	-5.617 	-108.384 	-93.376 	0.732 	
371.733 	-25.288 	31.703 	58.226 	-16.861 	-43.937 	
364.073 	-83.750 	-528.377 	-48.261 	-0.583 	-32.784 	
311.297 	-130.994 	-5.100 	-14.435 	48.143 	0.979 	
393.180 	81.685 	43.870 	-54.588 	40.178 	-79.727 	
317.589 	-43.444 	9.603 	-92.066 	-25.689 	-0.802 	
318.671 	-20.578 	-8.035 	-41.340 	-63.781 	-23.855 	
409.733 	-22.858 	-86.160 	-88.351 	-115.693 	-152.352 	
361.775 	-48.852 	12.194 	-67.487 	-77.484 	85.383 	
108.598 	-309.461 	-51.892 	-62.211 	9.106 	5.342 	
338.049 	-41.837 	36.557 	11.408 	-120.864 	-28.264 	
370.233 	-90.321 	-1.500 	13.984 	22.819 	67.806 	
389.988 	-17.320 	-9.801 	-3.196 	-4.580 	23.610 	
291.361 	6.816 	20.654 	-33.207 	52.678 	-62.053 	
508.312 	-363.535 	736.604 	-13.773 	-14.024 	54.795 	
361.633 	-4.952 	51.809 	-23.739 	-70.251 	81.378 	
314.831 	-73.424 	-65.602 	-50.611 	-32.281 	47.944 	
496.132 	-15.410 	9.840 	-81.022 	-35.639 	61.968 	
363.844 	-9.268 	-16.103 	-46.854 	-28.703 	-24.806 	
355.895 	-104.613 	11.696 	-61.977 	-35.177 	15.197 	
327.773 	-22.575 	43.556 	-84.131 	50.964 	63.003 	
322.523 	3.087 	-21.598 	-131.220 	45.890 	29.996 	
258.880 	17.686 	-29.508 	-20.556 	0.688 	-61.423 	
-236.539 	-130.464 	137.234 	-69.623 	-16.479 	-21.858 	
354.589 	-50.267 	17.144 	-112.416 	39.105 	-57.594 	
535.307 	44.625 	-58.592 	-101.530 	11.959 	41.743 	
364.695 	24.442 	-30.955 	-85.265 	-18.873 	-10.322 	
418.862 	-83.713 	-206.508 	-36.865 	1.424 	-36.180 	
263.854 	-123.385 	-107.866 	-57.712 	-121.609 	-51.748 	
-3103.216 	-110.269 	-683.166 	-359.884 	-18.809 	-60.781 	
