## Las primeras 200 lineas corresponden a la esfera 1 
##las siguienets 250 lineas a la esfera 2
## Las primeras tres columnas corresponden a la posición en 'x', 'y' y 'z', dadas en kpc, las siguientes tres a las velocidades, dadas en km/s
1027.493 	675.186 	5.075 	53.905 	61.918 	1.938 	
886.578 	-276.511 	-65.587 	40.890 	0.289 	-8.370 	
842.039 	78.473 	136.675 	14.249 	-0.573 	18.907 	
348.161 	-47.341 	-19.400 	6.736 	38.648 	-12.167 	
-1021.835 	465.132 	180.617 	-37.064 	13.066 	4.442 	
953.228 	81.975 	5.708 	40.188 	8.336 	8.456 	
830.463 	-362.503 	105.969 	21.387 	-14.933 	0.310 	
851.712 	92.571 	142.982 	69.050 	15.118 	30.847 	
495.474 	23.402 	-29.451 	-7.230 	-43.129 	-46.809 	
268.235 	26.942 	-11.896 	-49.936 	24.513 	7.205 	
-474.265 	-124.308 	-456.613 	1.771 	12.866 	-13.101 	
-571.789 	-2522.004 	-2524.212 	-25.581 	-98.668 	-98.674 	
-3951.789 	1464.284 	-466.486 	-752.843 	251.551 	-80.944 	
679.261 	380.671 	-340.831 	30.992 	34.195 	-22.993 	
608.575 	31.009 	104.557 	-25.815 	6.859 	28.091 	
2292.037 	-998.218 	-813.711 	97.486 	-39.644 	-25.653 	
-79.766 	810.802 	488.178 	-2.834 	36.700 	26.367 	
749.646 	-242.859 	-129.979 	-11.196 	-7.097 	-4.840 	
120.257 	-152.242 	-20.730 	-18.425 	-8.396 	40.191 	
522.257 	352.157 	28.049 	-5.401 	38.968 	2.662 	
883.306 	406.899 	-112.832 	48.096 	22.349 	-5.214 	
266.416 	-106.493 	-86.769 	-24.899 	-37.056 	-28.555 	
358.975 	-120.340 	-52.859 	-0.840 	4.983 	-0.044 	
560.960 	270.727 	-221.746 	9.066 	66.016 	-13.315 	
233.135 	317.565 	-82.917 	-6.986 	3.459 	-13.083 	
1120.732 	347.097 	-36.924 	64.933 	27.199 	-3.426 	
917.231 	-243.458 	-136.400 	25.696 	-5.289 	-8.552 	
986.260 	294.461 	170.052 	39.527 	32.192 	-4.167 	
359.631 	-131.954 	198.528 	42.295 	36.029 	-10.373 	
57.852 	-300.690 	-199.634 	-9.814 	-19.304 	-17.975 	
165.656 	-9.153 	-154.458 	-4.078 	-44.421 	5.550 	
546.885 	-21.192 	-75.077 	-5.502 	-17.036 	-21.973 	
558.396 	39.703 	-14.803 	-55.877 	-16.085 	9.526 	
1125.243 	71.052 	-189.474 	56.590 	9.730 	-13.745 	
357.367 	-52.486 	-62.958 	-46.700 	19.592 	28.531 	
19.917 	-78.096 	-65.778 	-36.934 	-30.421 	11.873 	
635.925 	-98.976 	-78.375 	-13.087 	22.840 	13.380 	
655.056 	204.400 	-86.673 	-15.796 	48.216 	1.770 	
343.045 	-4.051 	-126.717 	-37.764 	-7.021 	54.025 	
281.188 	-17.371 	-40.390 	-23.441 	-19.878 	-33.592 	
960.224 	-176.308 	291.184 	24.760 	-17.543 	38.347 	
372.595 	11.748 	104.542 	-4.763 	-53.554 	5.371 	
-111.950 	-392.493 	-435.413 	14.209 	3.516 	1.807 	
333.263 	-94.501 	22.060 	-22.929 	3.457 	-52.540 	
771.900 	432.065 	-255.330 	27.688 	20.021 	-15.239 	
432.276 	63.105 	-33.285 	-5.075 	-28.868 	26.317 	
2241.733 	3007.578 	-3113.426 	104.507 	137.210 	-138.634 	
496.291 	-84.300 	-47.794 	-37.965 	-15.751 	-22.594 	
504.696 	146.465 	131.392 	-27.168 	-15.952 	9.242 	
-547.934 	-552.051 	-81.781 	-1.523 	-15.126 	-2.418 	
641.986 	473.558 	162.510 	0.828 	42.092 	-7.794 	
1054.409 	-3863.112 	-4091.262 	44.741 	-166.836 	-172.763 	
357.685 	-200.602 	90.437 	-30.923 	-2.826 	-7.627 	
346.731 	-149.218 	-52.053 	-26.128 	-9.507 	1.468 	
3056.033 	861.059 	-148.435 	260.115 	81.796 	-17.666 	
399.162 	56.555 	61.534 	-30.594 	3.715 	-58.623 	
57.275 	-24.064 	-180.625 	-35.098 	-6.860 	-2.045 	
690.451 	135.666 	324.638 	18.718 	8.613 	-2.351 	
-441.559 	401.318 	227.309 	-92.351 	23.624 	10.988 	
-3692.677 	-5183.347 	1446.701 	-389.758 	-502.021 	139.395 	
474.534 	-22.725 	-14.047 	-30.108 	1.144 	8.301 	
497.060 	-9.066 	-25.941 	514.937 	-78.667 	122.879 	
4367.987 	-1885.685 	-2990.586 	240.159 	-106.686 	-159.550 	
398.359 	122.566 	239.411 	-18.612 	9.327 	-6.862 	
474.557 	382.842 	423.438 	-19.487 	32.658 	33.726 	
250.273 	2.574 	-79.146 	-563.137 	-29.272 	-108.518 	
490.196 	-1222.105 	2364.224 	23.985 	-55.312 	106.532 	
543.214 	24.548 	-5.743 	6.031 	-53.092 	38.743 	
572.331 	-388.975 	346.923 	24.854 	18.452 	-21.601 	
346.520 	-206.123 	-148.658 	14.458 	-6.752 	-25.790 	
261.543 	-122.843 	-2.599 	-40.354 	-23.097 	-37.989 	
-0.347 	-140.565 	-270.019 	-14.925 	-27.596 	-48.492 	
661.454 	393.387 	217.830 	4.433 	20.524 	18.713 	
310.434 	-38.413 	37.998 	-16.539 	8.646 	30.694 	
-245.598 	1750.480 	176.402 	-1.361 	76.060 	5.806 	
301.669 	-191.165 	-16.014 	21.628 	-3.471 	-21.535 	
387.649 	-1482.350 	155.685 	-5.431 	-141.045 	10.265 	
873.775 	451.282 	201.903 	52.656 	58.725 	4.410 	
481.493 	-165.101 	161.361 	-22.113 	-20.987 	-22.481 	
392.259 	84.968 	23.275 	-17.188 	-41.110 	11.454 	
710.083 	-5.967 	-0.736 	36.228 	64.318 	6.774 	
-2143.620 	791.779 	-824.877 	-83.514 	33.194 	-34.057 	
460.223 	-530.903 	124.420 	-11.751 	-30.867 	4.850 	
-3093.129 	2010.560 	4483.826 	-167.426 	105.799 	247.055 	
464.511 	407.126 	-246.942 	3.159 	14.330 	-16.306 	
399.570 	-190.308 	-20.002 	-7.935 	-12.454 	0.979 	
-316.426 	-272.630 	-2406.698 	-6.729 	-7.793 	-100.592 	
644.794 	98.180 	73.728 	-7.542 	14.537 	-27.764 	
2777.225 	-152.400 	1152.465 	342.799 	-41.152 	181.056 	
298.455 	29.928 	-16.049 	-22.357 	0.866 	-10.441 	
227.631 	82.160 	91.837 	63.332 	-19.937 	-27.807 	
494.583 	319.096 	342.694 	-26.109 	56.693 	37.392 	
334.253 	-46.735 	-90.377 	-55.876 	-85.583 	5.712 	
-416.335 	-32.382 	-687.125 	6.582 	-1.915 	-21.181 	
754.508 	273.244 	12.901 	6.500 	15.475 	18.682 	
783.392 	245.335 	350.148 	49.028 	28.587 	46.604 	
483.698 	-73.514 	19.023 	-29.499 	3.891 	17.957 	
4178.990 	-8221.878 	10765.438 	257.743 	-507.592 	669.175 	
3968.539 	-1995.262 	-2312.282 	353.513 	-200.224 	-230.354 	
389.152 	-63.813 	-35.871 	19.038 	-38.820 	-28.732 	
1025.972 	372.088 	-268.629 	47.610 	21.453 	-28.217 	
560.667 	-83.155 	178.353 	-12.726 	-55.367 	-15.887 	
821.885 	-89.050 	-63.850 	-11.771 	39.751 	4.517 	
508.477 	-17.991 	-111.542 	4.358 	-35.113 	-0.897 	
3622.642 	353.702 	95.562 	175.144 	11.444 	2.146 	
644.154 	335.903 	185.923 	25.701 	42.468 	8.396 	
890.908 	-157.303 	4.285 	10.281 	-45.251 	20.734 	
-393.865 	4655.708 	533.629 	-19.301 	189.280 	23.009 	
-284.050 	-343.309 	-102.103 	-66.144 	-17.080 	2.859 	
696.033 	-42.483 	87.579 	-32.586 	2.193 	5.450 	
567.135 	-78.352 	-135.236 	-42.544 	8.078 	-41.445 	
364.028 	-86.533 	-7.203 	-56.659 	-45.111 	1.638 	
744.589 	-265.569 	305.548 	27.925 	-32.703 	33.053 	
201.945 	92.104 	14.148 	-8.501 	37.355 	0.869 	
541.505 	401.605 	137.406 	2.931 	37.831 	1.289 	
316.167 	-49.846 	15.998 	-10.333 	-2.487 	35.629 	
807.177 	-25.644 	242.551 	-2.731 	-8.160 	44.267 	
1924.748 	711.530 	1003.656 	154.053 	70.069 	101.870 	
1302.860 	261.719 	-107.832 	72.478 	26.723 	-14.346 	
210.185 	-137.921 	24.591 	6.089 	15.936 	-7.010 	
1096.331 	285.421 	94.240 	36.530 	19.424 	2.227 	
37353.342 	-19746.067 	-1760.968 	1665.277 	-877.337 	-79.982 	
399.990 	-109.254 	192.842 	-27.784 	-8.562 	-3.503 	
977.271 	446.563 	202.478 	43.541 	54.171 	26.556 	
-906.031 	2520.082 	2433.213 	-132.139 	248.668 	241.291 	
11558.990 	4107.811 	-10042.251 	524.957 	185.480 	-457.141 	
0.276 	-48.591 	-44.454 	-15.708 	3.093 	6.948 	
814.608 	1270.203 	-1302.495 	36.154 	44.981 	-41.451 	
462.891 	26.683 	-51.912 	-32.206 	16.327 	-12.554 	
455.734 	86.073 	86.895 	-30.885 	-39.110 	13.494 	
170.723 	-304.164 	-82.719 	-10.771 	-23.115 	-0.957 	
4467.562 	-1423.722 	378.385 	701.478 	-246.766 	65.116 	
1226.043 	688.022 	-36.667 	74.194 	39.008 	15.940 	
530.581 	42.055 	430.269 	6.125 	-3.888 	32.550 	
845.083 	113.602 	45.309 	29.784 	18.488 	5.311 	
610.081 	-57.246 	14.056 	-35.825 	-6.810 	-4.390 	
-2464.198 	6392.876 	-10631.968 	-155.100 	400.665 	-660.560 	
4277.380 	1105.179 	8127.051 	228.772 	62.899 	440.876 	
338.673 	-68.664 	-6.152 	-55.007 	-1.525 	-30.707 	
274.037 	-67.155 	-56.246 	-17.854 	6.542 	-76.412 	
917.561 	-230.732 	-87.286 	24.802 	-9.218 	3.486 	
631.465 	119.316 	79.531 	-17.372 	-7.032 	-18.281 	
1501.293 	-26.673 	-399.540 	103.259 	0.314 	-35.836 	
418.832 	414.521 	177.514 	-9.518 	20.795 	11.507 	
206.456 	73.943 	-34.714 	-20.338 	-33.604 	-11.407 	
262.908 	-91.273 	25.250 	-34.082 	-37.836 	22.861 	
827.352 	134.503 	-26.806 	12.595 	-12.240 	44.379 	
927.209 	288.023 	-199.114 	47.016 	22.877 	-14.733 	
510.719 	59.479 	-22.974 	-32.607 	-43.949 	-17.252 	
635.437 	-222.513 	308.594 	-11.689 	-17.679 	40.505 	
400.629 	-2.883 	-37.782 	-20.297 	-53.475 	-4.525 	
-143.333 	1525.696 	1194.586 	-58.181 	141.730 	114.835 	
1159.925 	101.493 	72.201 	70.279 	9.741 	-0.801 	
1078.122 	163.112 	9.249 	38.972 	18.082 	-2.337 	
186.351 	-71.788 	88.926 	-3.891 	-12.440 	-13.834 	
1174.680 	247.800 	33.664 	51.590 	17.942 	-8.842 	
793.660 	1187.858 	-838.896 	29.783 	35.296 	-22.263 	
328.525 	301.855 	-91.876 	-30.606 	3.700 	-4.935 	
-2606.198 	974.423 	1525.082 	-107.224 	36.780 	63.682 	
-3362.231 	-1170.347 	-5774.782 	-186.248 	-60.663 	-313.710 	
875.304 	-3.035 	455.798 	25.996 	11.368 	36.520 	
655.520 	110.882 	403.578 	15.733 	14.561 	19.251 	
669.641 	358.542 	-210.903 	28.479 	17.039 	-15.123 	
652.064 	-11.930 	-7.923 	-12.742 	3.392 	-19.113 	
-12.808 	1204.712 	586.643 	6.654 	42.166 	23.672 	
599.710 	372.996 	134.499 	18.678 	10.115 	-11.656 	
163.449 	-116.651 	-10.520 	-20.782 	0.218 	4.002 	
471.336 	-66.253 	60.028 	-18.332 	-10.276 	-28.465 	
147.988 	-127.430 	-50.291 	-32.435 	-17.162 	12.999 	
769.554 	224.714 	137.097 	15.690 	-1.172 	2.137 	
703.897 	199.483 	123.491 	-10.695 	19.723 	21.671 	
772.626 	44.554 	606.529 	30.325 	7.311 	62.260 	
620.158 	252.279 	-153.129 	1.401 	8.654 	14.223 	
256.393 	-113.267 	59.455 	-14.359 	-19.573 	-26.026 	
914.969 	385.185 	-313.917 	38.676 	23.097 	-11.638 	
114.813 	615.766 	-315.623 	-21.050 	55.556 	-24.914 	
110.989 	1.711 	99.105 	-49.000 	-13.350 	-7.018 	
750.858 	82.622 	209.842 	7.078 	38.145 	29.869 	
660.153 	-271.266 	-86.254 	8.657 	-21.171 	-8.608 	
-11169.808 	-3867.176 	10591.963 	-510.405 	-177.722 	482.573 	
340.303 	-63.915 	-6.067 	-60.047 	-15.441 	-30.741 	
-119.599 	-154.813 	-33.440 	-23.991 	-17.325 	-3.770 	
397.052 	27.051 	351.338 	-6.105 	-15.045 	14.223 	
291.457 	-132.814 	-64.785 	1.025 	26.023 	-0.768 	
-1868.437 	497.452 	-739.758 	-374.678 	57.611 	-110.512 	
671.238 	-33.274 	101.757 	-9.740 	12.644 	26.688 	
580.440 	193.929 	145.832 	-5.946 	-5.967 	-15.479 	
338.064 	-23.034 	38.702 	-68.289 	42.253 	2.022 	
325.004 	117.987 	60.395 	-18.203 	-28.450 	-24.104 	
-377.137 	-1604.655 	3113.094 	-12.739 	-69.203 	138.851 	
727.060 	292.312 	-15.299 	38.659 	16.882 	17.880 	
593.570 	438.466 	-38.057 	11.757 	72.103 	-18.731 	
553.224 	-417.842 	-223.364 	26.141 	9.482 	14.044 	
870.850 	33.445 	-18.326 	9.010 	5.513 	11.193 	
833.531 	664.156 	263.802 	68.170 	28.996 	8.949 	
-723.390 	-756.833 	933.121 	-120.388 	-76.778 	96.226 	
532.569 	12.811 	-16.085 	-52.933 	8.283 	21.705 	
749.256 	42.549 	224.800 	46.406 	23.355 	18.369 	
-37107.545 	19992.441 	-2068.888 	-1650.391 	892.132 	-93.691 	
819.480 	435.648 	113.485 	41.188 	18.169 	1.475 	
-185.627 	-149.164 	198.528 	-55.364 	3.246 	4.783 	
393.400 	-64.628 	-6.943 	-30.377 	7.738 	18.689 	
883.757 	-325.993 	-241.352 	105.526 	-57.476 	-34.708 	
656.127 	-269.835 	257.511 	30.561 	-6.075 	5.260 	
236.842 	-442.610 	-212.323 	6.442 	-15.159 	-27.187 	
-6060.740 	2146.663 	2107.656 	-285.684 	88.557 	87.766 	
-13292.152 	-6155.793 	-721.281 	-1427.324 	-644.163 	-86.999 	
517.809 	-79.782 	638.565 	64.008 	20.198 	97.571 	
19.641 	-481.215 	-191.810 	-10.802 	-46.890 	1.708 	
313.642 	101.172 	-201.695 	0.697 	6.008 	17.056 	
395.899 	-9.916 	29.086 	28.669 	38.680 	-28.323 	
-1568.016 	-11318.011 	2946.823 	-135.598 	-725.053 	184.693 	
415.363 	-13.568 	-58.745 	19.355 	10.594 	-9.168 	
33296.224 	60222.962 	-14660.351 	2486.958 	4580.903 	-1118.273 	
657.121 	996.351 	-416.047 	-12.571 	18.874 	-9.694 	
581.297 	51.345 	633.482 	-7.781 	-10.524 	23.122 	
130.601 	-101.329 	102.007 	5.847 	-5.623 	-15.680 	
266.004 	112.643 	-143.265 	7.340 	-18.383 	7.180 	
362.743 	83.227 	-154.060 	15.532 	-29.363 	-13.679 	
338.020 	-425.339 	-129.946 	10.756 	-15.326 	-38.713 	
39.419 	-354.566 	170.608 	-11.773 	-6.765 	14.286 	
253.829 	-137.072 	-156.620 	-23.992 	14.576 	31.146 	
275.290 	-156.509 	-313.532 	24.416 	-14.578 	-3.133 	
-609.297 	-958.195 	1140.109 	-81.374 	-74.547 	71.066 	
463.286 	-480.288 	-214.268 	24.310 	-42.654 	-8.710 	
395.967 	-25.884 	20.569 	-100.222 	7.949 	-47.246 	
238.797 	958.265 	902.100 	-20.937 	70.534 	68.719 	
395.678 	-76.134 	-316.785 	7.803 	20.771 	-6.150 	
722.617 	-67.145 	-10.656 	43.442 	-20.291 	15.600 	
180.755 	68.176 	6.726 	55.252 	-15.870 	3.767 	
181.253 	-318.360 	-2.897 	-5.357 	-10.977 	12.386 	
219.423 	-71.005 	17.097 	-8.617 	-3.164 	8.210 	
218.078 	-467.788 	-258.202 	0.131 	-30.436 	-0.079 	
702.390 	8.301 	-35.668 	23.765 	-16.255 	-6.224 	
-77.131 	-422.969 	-335.957 	-21.975 	-41.960 	-65.168 	
980.188 	-64.079 	44.986 	31.864 	10.575 	5.894 	
423.322 	431.879 	-17.199 	36.579 	4.104 	0.357 	
331.363 	-323.659 	-128.192 	37.567 	12.048 	7.032 	
-518.949 	481.178 	-165.216 	-72.954 	39.520 	-13.423 	
133.072 	15.025 	-168.662 	6.211 	20.748 	-15.153 	
376.554 	-60.550 	24.753 	22.452 	51.278 	-11.620 	
120.961 	-131.125 	-128.348 	5.479 	-20.491 	-17.858 	
1623.056 	-279.071 	288.928 	26.171 	-0.197 	10.729 	
407.028 	383.685 	491.195 	17.348 	27.943 	34.599 	
1501.984 	-3296.769 	-169.685 	53.148 	-192.994 	-7.417 	
105.063 	-243.423 	-373.760 	-249.833 	-152.341 	-377.635 	
186.984 	-544.052 	324.450 	-0.249 	-30.047 	35.908 	
121.996 	4.010 	90.590 	16.435 	-9.721 	1.409 	
393.086 	-46.274 	10.383 	38.166 	-53.031 	-0.216 	
1726.944 	-806.547 	-2418.022 	52.746 	-43.602 	-124.384 	
742.117 	133.977 	490.339 	333.266 	192.012 	410.360 	
126.775 	-605.965 	431.499 	-26.892 	-62.973 	30.541 	
389.647 	-104.434 	-114.243 	57.890 	-10.025 	-4.881 	
561.707 	79.339 	-75.737 	7.514 	39.720 	-29.128 	
-2.828 	-232.890 	-281.096 	-35.842 	-11.292 	-3.137 	
415.731 	-145.340 	3.285 	-17.335 	16.717 	20.602 	
257.281 	-436.820 	-64.050 	33.261 	-18.705 	-16.381 	
1608.763 	-875.720 	950.411 	179.220 	-114.644 	135.755 	
-148.064 	-188.291 	596.660 	-46.320 	-21.138 	64.877 	
95.786 	-249.958 	-146.953 	23.052 	23.415 	-23.770 	
193.114 	-389.483 	-161.980 	3.054 	-10.734 	-35.952 	
2076.106 	-3517.528 	1269.189 	120.442 	-274.222 	97.144 	
20.258 	-276.616 	22.261 	1.750 	0.714 	-11.100 	
-2.730 	-186.445 	-138.677 	-1.538 	-38.682 	31.156 	
536.294 	44.723 	17.321 	41.991 	33.846 	27.514 	
-517.548 	-528.195 	-101.830 	-14.865 	-37.206 	-4.946 	
291.862 	2028.309 	1250.159 	-21.677 	144.752 	93.561 	
425.879 	-33.957 	10.243 	16.538 	11.736 	9.086 	
107.354 	99.202 	-271.808 	-5.561 	-15.620 	-28.359 	
-771.000 	-2133.592 	-351.693 	-71.929 	-88.154 	-12.856 	
96.824 	-336.298 	599.544 	-16.534 	-23.938 	51.141 	
21205.419 	12150.235 	25403.606 	912.352 	539.486 	1128.947 	
4348.502 	4424.595 	-1149.464 	387.451 	426.563 	-111.466 	
305.699 	-207.927 	-60.781 	-17.555 	8.730 	-3.825 	
-23.635 	-141.775 	281.791 	-20.181 	-14.860 	26.680 	
594.245 	-226.851 	842.218 	32.781 	-29.428 	109.330 	
7327.869 	2083.084 	1982.613 	329.476 	100.728 	98.531 	
593.777 	43.201 	33.782 	9.953 	5.405 	-32.368 	
571.974 	3.786 	164.643 	33.863 	26.444 	-8.046 	
407.471 	-102.604 	109.757 	14.677 	20.094 	-10.544 	
434.350 	-12.437 	-2.430 	13.069 	65.345 	20.469 	
272.543 	-75.508 	-49.618 	15.394 	33.818 	-15.561 	
-1761.806 	-3514.953 	-2337.238 	-116.055 	-163.103 	-107.333 	
113.479 	-71.389 	307.749 	-10.245 	-19.816 	35.780 	
-165.040 	-143.173 	-2.949 	-62.882 	-13.443 	-10.693 	
403.191 	-50.079 	-36.627 	14.096 	-32.844 	44.165 	
418.327 	-61.028 	8.878 	16.879 	0.211 	-23.594 	
372.507 	-48.095 	-58.411 	-12.864 	-11.528 	-29.459 	
41.113 	-265.726 	-362.855 	-11.350 	-29.228 	-14.096 	
-3.478 	441.846 	-2249.250 	-33.924 	51.293 	-258.654 	
132.548 	-7.106 	-482.361 	1.385 	14.518 	-59.783 	
543.982 	98.002 	17.389 	12.740 	-24.937 	24.054 	
334.125 	-33.637 	-78.026 	55.705 	-3.078 	-22.108 	
919.386 	-481.686 	166.108 	-7.635 	-11.703 	3.231 	
614.254 	64.671 	-3.356 	19.178 	-4.852 	38.092 	
-517.568 	-655.518 	-827.484 	-130.841 	-89.595 	-167.554 	
399.974 	-9.508 	12.650 	23.500 	14.602 	9.511 	
-307.773 	-225.828 	170.512 	-47.265 	-23.080 	-2.116 	
272.219 	7.407 	163.000 	9.670 	-39.716 	-30.059 	
511.956 	-94.312 	97.553 	35.653 	22.124 	-39.755 	
339.783 	-98.252 	61.437 	20.680 	11.180 	-18.202 	
159.683 	-123.999 	-281.425 	-16.250 	-13.839 	0.762 	
-1477.033 	-1315.761 	170.272 	-180.856 	-129.259 	10.257 	
227.082 	143.356 	253.265 	15.344 	-4.069 	1.476 	
606.749 	-82.202 	208.241 	25.699 	20.102 	-12.059 	
552.370 	35.122 	-104.886 	20.650 	0.049 	16.969 	
426.036 	61.625 	46.693 	38.308 	-37.074 	8.868 	
535.595 	-35.505 	7.942 	-2.970 	26.682 	26.967 	
34.563 	-202.862 	-197.706 	-10.561 	-8.354 	-12.763 	
1294.572 	656.027 	453.665 	9.025 	17.424 	14.523 	
184.879 	-168.431 	-231.210 	7.518 	-6.328 	4.902 	
384.693 	-103.485 	205.858 	4.036 	-36.887 	9.036 	
466.423 	111.950 	-155.100 	43.699 	-10.203 	19.800 	
34.276 	623.843 	462.356 	-62.574 	129.223 	99.392 	
-1.395 	88.020 	-184.872 	-13.634 	4.850 	6.603 	
-674.891 	4670.686 	2675.972 	-74.922 	277.128 	161.153 	
225.978 	-559.583 	106.782 	-7.105 	-36.829 	6.996 	
326.655 	-70.824 	18.116 	28.194 	10.354 	53.253 	
-112.490 	131.159 	-47.135 	-13.544 	-5.783 	-7.754 	
203.382 	92.576 	-44.246 	21.143 	-6.583 	-35.991 	
-93.151 	-213.783 	460.531 	-23.145 	-24.813 	35.835 	
5958.695 	-1482.037 	-1396.313 	216.961 	-61.603 	-57.650 	
-1087.254 	-51.881 	-1009.645 	-174.593 	-10.627 	-120.368 	
761.065 	36.545 	236.153 	56.376 	-21.148 	-2.887 	
5093.982 	149.289 	1360.011 	224.219 	6.037 	71.030 	
178.385 	-114.116 	-16.808 	24.473 	-17.584 	29.073 	
1343.427 	-2778.638 	6313.180 	28.479 	-139.584 	309.468 	
285.402 	-273.728 	-246.762 	17.066 	-16.586 	2.184 	
-2765.126 	-273.593 	-719.918 	-141.071 	-10.559 	-20.023 	
417.562 	-18.166 	112.142 	14.628 	1.044 	-4.543 	
504.799 	54.929 	-18.307 	34.538 	-2.661 	-39.376 	
370.084 	-6.230 	34.761 	37.571 	-14.972 	27.070 	
-1151.671 	-1659.678 	2609.821 	-162.524 	-167.862 	278.721 	
120.854 	-24.965 	657.140 	-13.721 	19.875 	68.180 	
355.840 	-52.524 	-129.893 	4.103 	-22.942 	26.277 	
-113.471 	-946.969 	-1222.943 	-52.295 	-91.026 	-117.589 	
296.548 	-102.070 	432.595 	6.338 	-11.906 	9.206 	
-29.950 	-261.905 	-15.219 	-11.247 	-3.332 	5.940 	
491.340 	-5.247 	493.199 	-32.573 	18.700 	-14.829 	
-97.973 	-411.075 	363.301 	-44.402 	-48.031 	47.179 	
786.930 	308.110 	16.062 	23.401 	28.947 	6.027 	
508.287 	14.366 	-31.489 	3.362 	-13.415 	22.124 	
110.138 	-158.584 	-61.076 	10.526 	40.336 	47.414 	
296.388 	-330.568 	-287.421 	15.326 	-39.510 	2.960 	
-573.879 	-35.788 	1490.051 	-57.953 	-8.944 	70.613 	
-2513.490 	3368.771 	-4873.668 	-161.781 	162.846 	-241.439 	
237.325 	-78.645 	95.563 	18.976 	25.881 	67.175 	
95.126 	-246.500 	-145.944 	-19.693 	-8.599 	-2.455 	
443.597 	-24.342 	20.208 	21.102 	25.515 	-18.473 	
54.089 	-304.065 	-124.801 	8.122 	-19.440 	2.368 	
455.494 	-25.836 	10.433 	-0.067 	22.914 	-58.383 	
416.519 	164.143 	71.262 	-8.736 	12.740 	-4.309 	
133.754 	-348.614 	133.599 	0.901 	-12.033 	19.651 	
552.028 	35.604 	-14.666 	3.586 	16.742 	12.532 	
-5145.468 	1507.050 	-1901.871 	-290.264 	78.005 	-96.885 	
409.755 	-11.222 	58.106 	11.330 	22.109 	-9.391 	
-68.242 	-456.800 	174.051 	-28.118 	-32.852 	22.726 	
-230.427 	206.124 	-127.394 	-48.934 	24.791 	-24.982 	
1021.034 	666.579 	-577.422 	-3.100 	25.076 	-13.988 	
37.399 	-124.713 	204.191 	-54.589 	-22.222 	35.931 	
16.936 	87.339 	-570.033 	-36.094 	9.144 	-71.268 	
180.200 	-543.252 	109.667 	-22.052 	-30.953 	18.107 	
-22498.083 	-12710.646 	-25707.659 	-1033.699 	-567.482 	-1146.867 	
737.907 	-37.593 	110.578 	16.437 	-8.875 	3.553 	
321.988 	-187.410 	-165.285 	32.030 	11.538 	-27.562 	
25.919 	-100.228 	-395.779 	-24.114 	-23.248 	-14.074 	
-1787.408 	186.062 	80.058 	-96.637 	-1.045 	5.815 	
-1516.529 	-297.463 	-3237.151 	-105.846 	-17.256 	-157.876 	
592.200 	139.130 	-175.553 	-0.591 	1.578 	-14.053 	
194.652 	-493.356 	151.295 	14.481 	-56.831 	34.828 	
293.778 	63.464 	34.588 	63.583 	33.518 	22.682 	
120.821 	-503.379 	-409.487 	-9.663 	-56.008 	-48.861 	
360.293 	-107.182 	-12.448 	-44.239 	14.163 	-5.331 	
-1073.970 	555.004 	-629.334 	-77.057 	17.284 	-20.273 	
723.360 	-14.721 	-8.815 	59.551 	-18.947 	34.585 	
351.570 	-399.006 	178.158 	21.450 	8.965 	2.069 	
12601.136 	5731.498 	-66.367 	1283.517 	600.346 	-18.482 	
379.233 	-66.736 	43.354 	-14.956 	-7.379 	-28.504 	
503.268 	-195.772 	295.935 	14.427 	9.165 	-7.187 	
552.041 	-17.900 	-65.233 	-2.216 	-41.670 	-34.085 	
-501.014 	-107.067 	-495.564 	-46.557 	-21.224 	-17.161 	
-4837.768 	-1043.871 	-344.169 	-274.338 	-51.700 	-12.432 	
-1354.668 	2169.885 	-1168.243 	-142.396 	160.731 	-89.210 	
234.098 	260.085 	-419.947 	3.829 	29.777 	-60.464 	
188.136 	-268.415 	-116.414 	6.917 	22.277 	-12.980 	
385.902 	-60.042 	-22.949 	19.041 	21.809 	60.839 	
126.588 	250.582 	-207.958 	7.408 	42.286 	-19.426 	
398.287 	-348.816 	-136.108 	3.633 	0.458 	-17.589 	
628.753 	-408.965 	-60.665 	15.298 	-8.622 	9.858 	
419.471 	-370.626 	-15.787 	15.292 	-13.701 	-14.476 	
408.971 	144.523 	235.671 	27.626 	-7.235 	-10.558 	
419.740 	-130.165 	-15.876 	-17.955 	11.306 	-24.847 	
3521.243 	1571.387 	68.337 	123.900 	63.963 	2.559 	
-160.083 	70.564 	-573.304 	-34.824 	7.149 	-56.741 	
53.839 	-245.438 	-328.121 	-25.358 	-29.921 	-9.582 	
310.840 	-120.216 	78.275 	15.091 	0.836 	-28.018 	
230.836 	-15.984 	-429.357 	7.700 	-5.034 	-25.936 	
390.335 	18.807 	-32.078 	32.836 	-22.284 	7.451 	
-972.766 	-1601.359 	-309.662 	-65.184 	-52.063 	-11.808 	
154.746 	-309.822 	402.103 	-0.298 	-18.466 	40.550 	
509.606 	-40.904 	39.938 	-17.865 	21.290 	-40.588 	
-2640.506 	-1502.861 	-333.855 	-138.029 	-55.331 	-14.553 	
515.967 	-129.054 	20.688 	-7.629 	-29.284 	-29.733 	
231.644 	586.035 	-242.010 	1.616 	64.009 	-28.954 	
-32319.508 	-60193.503 	14478.990 	-2508.043 	-4585.821 	1099.952 	
1193.951 	1640.125 	901.269 	109.334 	258.214 	141.658 	
-3.193 	-232.430 	249.475 	-10.525 	-50.624 	6.414 	
1348.982 	1167.916 	-287.071 	44.079 	80.521 	-24.482 	
327.040 	-571.979 	-154.621 	-7.492 	-41.594 	-4.138 	
6715.666 	-103.027 	995.015 	312.192 	-2.210 	48.423 	
2058.072 	11154.989 	-3436.529 	97.263 	717.933 	-225.294 	
128.166 	81.842 	-56.536 	3.388 	21.157 	-3.817 	
792.762 	-132.834 	371.312 	-25.437 	-6.785 	-13.561 	
1269.862 	537.125 	-2232.223 	95.191 	66.736 	-234.679 	
-529.240 	4.005 	-273.004 	-49.105 	17.810 	-30.259 	
187.725 	13.686 	-84.223 	-11.182 	-3.206 	21.911 	
168.416 	-54.155 	86.258 	40.796 	18.978 	8.067 	
396.328 	-57.073 	-65.101 	25.947 	-26.235 	35.475 	
-401.895 	-595.416 	550.903 	-57.870 	-23.100 	29.172 	
334.089 	-340.645 	109.656 	-42.213 	31.700 	18.721 	
-707.889 	-1017.326 	1.480 	-91.432 	-67.549 	0.561 	
-128.135 	-1169.685 	-333.219 	-104.110 	-185.062 	-54.144 	
-67.437 	-75.538 	-666.538 	-41.304 	1.513 	-1.400 	
2111.899 	1741.981 	1115.044 	205.946 	205.028 	125.290 	
128.936 	-408.619 	-98.323 	-12.039 	-42.273 	18.147 	
186.633 	-159.259 	-115.091 	1.205 	9.280 	1.463 	
-1149.977 	-949.668 	-743.217 	-162.961 	-98.519 	-82.558 	
-363.067 	-924.704 	-1054.573 	-77.203 	-89.312 	-92.779 	
404.605 	-48.355 	-101.263 	48.164 	3.828 	7.262 	
-194.352 	-50.731 	24.011 	-6.623 	31.244 	7.155 	
336.576 	109.929 	51.749 	2.373 	2.307 	15.284 	
1599.212 	2613.456 	-840.353 	140.440 	302.770 	-99.436 	
24.991 	115.634 	-951.130 	-52.576 	14.639 	-143.525 	
392.519 	-20.552 	-19.183 	15.424 	-25.832 	-21.780 	
369.018 	-465.984 	1184.673 	-14.953 	-8.583 	41.529 	
244.360 	-294.401 	-132.610 	-17.185 	15.520 	-24.948 	
529.917 	-44.704 	-74.569 	21.026 	-0.105 	-37.854 	
34.166 	-108.845 	-219.170 	6.199 	-24.019 	-22.889 	
368.708 	-54.002 	-31.923 	22.492 	-8.106 	44.365 	
379.991 	-64.580 	-111.560 	38.372 	-35.181 	26.373 	
439.753 	-179.753 	-98.031 	33.162 	-2.094 	14.730 	
219.096 	-187.519 	128.659 	28.218 	-17.636 	-19.041 	
538.702 	83.416 	13.683 	49.587 	18.602 	-55.449 	
-781.007 	-272.432 	-92.410 	-49.001 	-14.037 	-24.870 	
586.302 	-53.661 	28.307 	30.615 	28.443 	7.818 	
-368.930 	-478.023 	44.697 	-66.798 	-56.804 	-4.463 	
404.649 	-22.656 	-23.429 	45.873 	46.600 	-38.128 	
161.007 	-34.187 	114.597 	2.761 	-8.656 	48.630 	
-118.395 	-979.165 	-377.131 	-34.787 	-78.323 	-22.299 	
-6519.151 	-288.887 	-1259.989 	-359.146 	-18.784 	-60.641 	
