## Las primeras 200 lineas corresponden a la esfera 1 
##las siguienets 250 lineas a la esfera 2
## Las primeras tres columnas corresponden a la posición en 'x', 'y' y 'z', dadas en kpc, las siguientes tres a las velocidades, dadas en km/s
1494.222 	1200.111 	25.446 	48.512 	53.694 	2.436 	
1070.715 	-184.256 	-90.493 	5.661 	8.140 	-0.476 	
830.308 	65.356 	242.115 	-16.269 	-3.882 	3.161 	
-354.600 	173.858 	658.499 	-137.287 	27.234 	118.711 	
-1339.009 	575.804 	217.632 	-32.066 	11.202 	3.858 	
1194.643 	141.537 	97.520 	15.824 	4.453 	10.660 	
927.799 	-402.074 	101.507 	-1.057 	4.511 	0.817 	
1336.507 	189.455 	361.298 	43.726 	9.170 	19.504 	
274.915 	-121.167 	60.682 	-7.532 	26.835 	9.257 	
158.247 	12.308 	-74.897 	17.766 	-22.760 	-12.749 	
-414.082 	-8.265 	-554.306 	11.960 	11.587 	-8.108 	
-806.089 	-3426.374 	-3428.591 	-25.394 	-98.054 	-98.053 	
-10874.057 	3777.174 	-1210.802 	-752.551 	251.440 	-80.921 	
935.771 	634.599 	-475.798 	25.446 	22.498 	-8.855 	
274.351 	-22.413 	13.416 	-24.262 	-19.564 	-53.664 	
3180.122 	-1358.313 	-1045.979 	95.830 	-38.772 	-24.953 	
-88.052 	1116.601 	717.158 	0.505 	30.628 	23.429 	
482.460 	-203.778 	-80.504 	-53.288 	21.484 	16.936 	
244.319 	-94.521 	157.207 	38.013 	14.748 	-5.026 	
480.973 	565.530 	37.857 	-2.958 	10.110 	0.308 	
1264.730 	547.393 	-139.337 	36.466 	10.360 	-1.373 	
273.869 	-505.047 	-286.274 	16.569 	-52.922 	-20.536 	
463.108 	-40.648 	-21.135 	-12.117 	-26.561 	10.868 	
622.213 	773.786 	-267.554 	5.258 	46.493 	-0.546 	
259.164 	120.207 	-95.182 	13.909 	-47.743 	12.393 	
1654.478 	554.793 	-54.939 	52.882 	19.392 	-1.209 	
1062.609 	-245.630 	-96.181 	9.721 	4.414 	13.179 	
1279.276 	542.135 	102.465 	26.167 	22.224 	-9.153 	
446.137 	63.109 	-173.238 	-18.628 	11.342 	-25.582 	
80.547 	-346.816 	-270.819 	12.563 	6.424 	-1.261 	
331.313 	-367.992 	10.091 	31.655 	-12.803 	18.976 	
247.813 	-964.110 	-928.238 	-36.710 	-103.563 	-91.665 	
1171.767 	202.675 	401.559 	144.006 	15.771 	151.312 	
1577.400 	162.040 	-283.034 	43.779 	10.071 	-7.730 	
324.242 	-83.375 	22.440 	37.996 	-15.005 	-40.714 	
-110.845 	-327.265 	38.480 	2.495 	-21.698 	8.449 	
256.866 	115.943 	27.030 	-41.587 	-16.735 	0.081 	
450.354 	480.556 	-28.899 	-23.702 	15.124 	10.002 	
260.624 	-162.269 	328.504 	9.273 	-11.958 	23.813 	
363.801 	-133.461 	-1.410 	21.289 	29.311 	27.947 	
1109.475 	-302.888 	589.434 	10.267 	-11.001 	27.499 	
373.315 	-191.981 	-153.056 	-3.859 	19.444 	-15.923 	
98.639 	-316.386 	-294.623 	30.072 	11.087 	31.188 	
382.091 	-46.581 	7.889 	-9.748 	-28.610 	49.685 	
976.911 	544.773 	-347.367 	17.823 	6.685 	-6.110 	
340.221 	-206.027 	-7.670 	-14.559 	22.282 	-17.880 	
3201.856 	4267.831 	-4386.706 	104.303 	136.883 	-138.294 	
322.098 	-56.259 	-5.767 	49.173 	-10.763 	-27.255 	
295.636 	-159.383 	-117.812 	4.292 	-20.343 	-41.638 	
-505.116 	-720.429 	-167.526 	7.363 	-17.833 	-8.922 	
623.864 	732.332 	68.117 	-3.932 	17.293 	-11.416 	
1465.634 	-5396.213 	-5678.794 	44.688 	-166.579 	-172.491 	
316.173 	60.558 	-116.157 	42.424 	22.389 	-8.014 	
368.623 	31.669 	-6.530 	39.316 	-13.160 	1.641 	
5442.854 	1611.592 	-310.278 	259.113 	81.480 	-17.545 	
375.198 	-202.275 	-1.814 	6.508 	-11.038 	38.370 	
-70.102 	-135.388 	-99.389 	6.267 	-14.700 	17.414 	
802.413 	168.801 	166.118 	3.795 	-2.526 	-28.726 	
-1258.257 	599.418 	317.168 	-86.628 	20.228 	8.820 	
-7276.677 	-9799.641 	2728.484 	-389.639 	-501.865 	139.350 	
363.150 	-48.027 	-23.875 	15.955 	3.758 	20.187 	
5142.891 	-699.217 	1093.901 	503.652 	-74.716 	121.445 	
6575.236 	-2866.403 	-4456.557 	239.878 	-106.600 	-159.287 	
337.165 	-18.142 	-63.472 	10.455 	-51.426 	-50.137 	
306.153 	620.480 	660.484 	-16.938 	21.938 	19.616 	
-4863.273 	-278.009 	-1053.059 	-554.752 	-30.693 	-105.652 	
710.190 	-1727.304 	3337.037 	23.860 	-54.630 	105.181 	
238.038 	-197.486 	-6.428 	-37.042 	22.586 	-38.208 	
727.748 	-101.638 	54.020 	1.560 	42.660 	-41.195 	
419.377 	-41.424 	-78.610 	-2.241 	30.046 	54.643 	
268.888 	-94.083 	-173.921 	28.839 	15.958 	12.151 	
-38.363 	-374.050 	-589.497 	1.798 	-22.197 	-23.345 	
675.173 	469.870 	286.880 	-0.674 	-1.079 	-0.125 	
600.425 	-437.073 	-169.369 	60.469 	-116.146 	-55.155 	
-253.391 	2435.749 	228.804 	-0.465 	73.248 	5.613 	
490.420 	68.945 	76.008 	8.720 	4.222 	38.525 	
336.740 	-2759.763 	247.837 	-5.592 	-137.476 	9.863 	
1324.183 	929.395 	227.904 	46.800 	47.487 	3.153 	
304.276 	41.000 	-160.386 	0.676 	45.281 	-1.739 	
433.526 	-314.759 	-136.429 	3.909 	-1.031 	-10.995 	
905.248 	472.957 	94.891 	22.629 	32.987 	16.171 	
-2904.927 	1093.590 	-1135.730 	-82.175 	32.550 	-33.588 	
325.942 	-690.606 	132.479 	-16.268 	-6.041 	-2.482 	
-4632.056 	2983.064 	6754.785 	-167.251 	105.695 	246.816 	
497.475 	432.794 	-318.492 	3.142 	-6.924 	-0.116 	
419.615 	101.683 	-10.957 	23.257 	14.243 	-1.155 	
-376.315 	-343.470 	-3323.133 	-6.358 	-7.641 	-98.881 	
277.177 	-183.344 	-10.653 	-53.909 	-38.436 	7.297 	
5925.015 	-530.397 	2815.052 	341.952 	-41.065 	180.605 	
381.964 	-80.522 	21.049 	25.623 	17.430 	-18.454 	
730.852 	-275.256 	-226.516 	30.759 	-33.472 	-19.764 	
265.207 	762.717 	641.239 	-23.256 	41.472 	29.313 	
-8.219 	-584.575 	129.604 	-27.531 	-41.704 	22.742 	
-316.399 	-52.010 	-838.608 	14.359 	-2.173 	-12.039 	
758.375 	339.828 	135.790 	-5.837 	-2.730 	8.783 	
1179.222 	462.369 	706.787 	39.101 	20.575 	33.702 	
302.871 	-161.882 	-17.832 	23.929 	-14.555 	12.180 	
6549.405 	-12890.106 	16919.707 	257.727 	-507.559 	669.131 	
7218.270 	-3835.591 	-4430.060 	353.219 	-200.006 	-230.200 	
313.539 	-36.393 	-13.559 	-27.179 	15.545 	7.666 	
1400.240 	537.117 	-485.970 	35.722 	15.513 	-19.954 	
305.735 	-330.035 	-129.662 	-32.629 	7.490 	-37.461 	
503.711 	213.912 	58.870 	-44.645 	8.332 	7.786 	
307.804 	-140.116 	10.532 	-32.842 	23.347 	-11.456 	
5228.161 	458.665 	115.179 	174.134 	11.390 	2.126 	
819.937 	630.131 	221.512 	14.523 	22.616 	0.293 	
881.909 	-515.815 	166.570 	-8.213 	-32.904 	12.836 	
-570.969 	6393.917 	744.976 	-19.221 	188.765 	22.957 	
-822.688 	-475.758 	-67.967 	-53.055 	-12.746 	4.146 	
213.585 	-69.571 	-86.844 	-30.899 	-20.876 	-42.761 	
117.764 	-16.091 	-92.103 	-30.173 	-5.698 	38.906 	
169.653 	-90.625 	-113.404 	16.995 	8.839 	5.092 	
930.602 	-496.934 	532.995 	15.234 	-19.830 	18.765 	
322.126 	105.001 	-35.004 	32.656 	-36.322 	-5.509 	
575.387 	616.194 	108.073 	3.320 	12.244 	-6.472 	
256.121 	333.825 	-108.918 	-41.358 	112.367 	-31.194 	
683.366 	-68.733 	523.166 	-20.186 	-2.979 	18.871 	
3332.656 	1351.804 	1934.447 	152.459 	69.328 	100.780 	
1913.038 	493.665 	-225.941 	62.075 	24.136 	-11.792 	
471.635 	-15.257 	8.846 	25.018 	-11.522 	22.938 	
1354.488 	429.004 	97.069 	21.210 	12.984 	-1.050 	
52669.109 	-27815.048 	-2496.569 	1665.271 	-877.334 	-79.981 	
456.714 	-67.067 	-186.465 	20.399 	-16.858 	-51.709 	
1319.904 	903.181 	408.263 	34.489 	46.934 	18.618 	
-2120.180 	4804.875 	4650.190 	-131.931 	248.266 	240.894 	
16386.912 	5813.630 	-14246.475 	524.921 	185.467 	-457.108 	
93.669 	-93.267 	-3.394 	35.805 	-7.829 	-2.555 	
1143.556 	1673.356 	-1672.301 	35.418 	42.898 	-39.199 	
387.388 	-167.263 	67.839 	0.002 	-5.732 	-19.880 	
335.134 	-262.332 	-186.838 	6.629 	-4.277 	-29.058 	
-40.777 	-459.974 	-389.987 	-44.077 	-16.422 	-66.241 	
10917.244 	-3692.522 	977.062 	701.156 	-246.641 	65.082 	
1873.175 	1017.855 	111.356 	67.532 	33.729 	16.039 	
558.648 	-10.322 	597.156 	1.047 	-6.768 	6.264 	
953.847 	216.145 	92.356 	-1.421 	6.193 	5.717 	
2.393 	-67.879 	-9.519 	-50.914 	-13.134 	1.711 	
-3890.597 	10077.664 	-16706.933 	-155.085 	400.630 	-660.503 	
6381.123 	1683.581 	12181.201 	228.713 	62.882 	440.752 	
351.965 	304.498 	-122.947 	8.175 	11.018 	-2.369 	
292.973 	-69.934 	-335.126 	9.765 	-3.944 	0.096 	
1111.927 	-289.949 	-115.232 	12.622 	3.295 	-4.695 	
225.181 	-157.288 	-20.746 	-58.184 	-33.873 	28.980 	
2421.624 	-21.783 	-716.052 	97.927 	0.657 	-33.500 	
364.471 	483.571 	228.389 	-3.007 	-3.703 	0.124 	
409.187 	-280.168 	-1.875 	45.965 	-5.545 	4.267 	
267.448 	-209.465 	-35.784 	25.098 	26.268 	-12.038 	
828.689 	7.799 	378.646 	-8.428 	-11.439 	36.073 	
1292.534 	472.696 	-294.728 	34.114 	18.338 	-7.514 	
193.935 	-169.218 	-28.604 	-6.966 	8.703 	-22.194 	
485.640 	-315.677 	551.542 	-19.064 	-4.125 	15.117 	
325.137 	-46.358 	-48.467 	4.102 	47.798 	-12.129 	
-675.186 	2821.195 	2244.192 	-57.585 	140.286 	113.652 	
1726.475 	196.164 	55.360 	55.690 	10.589 	-2.391 	
1354.125 	316.539 	0.452 	23.199 	15.786 	0.191 	
351.590 	-412.881 	-456.101 	24.439 	-47.907 	-69.933 	
1568.298 	395.467 	-45.632 	36.673 	14.890 	-8.222 	
1061.848 	1493.989 	-1030.342 	28.591 	31.611 	-19.609 	
121.357 	182.522 	-134.084 	-8.325 	-29.440 	-1.247 	
-3588.256 	1311.224 	2108.505 	-106.418 	36.490 	63.233 	
-5074.532 	-1728.066 	-8658.970 	-186.124 	-60.623 	-313.508 	
1052.227 	101.313 	716.299 	14.515 	11.050 	22.082 	
755.588 	204.667 	450.293 	6.369 	6.353 	-6.403 	
880.910 	437.476 	-286.498 	18.417 	2.723 	-2.978 	
317.401 	-50.662 	-11.805 	-52.905 	-41.774 	-11.434 	
54.923 	1569.143 	794.388 	7.879 	37.526 	21.682 	
739.978 	315.204 	-1.798 	21.656 	-32.546 	-14.190 	
409.502 	-39.377 	-25.920 	62.976 	12.590 	-8.440 	
397.706 	-115.581 	-7.241 	-0.665 	1.986 	29.335 	
109.727 	-172.289 	96.724 	20.846 	4.410 	4.863 	
786.579 	111.688 	98.363 	-12.419 	-23.491 	-8.680 	
536.740 	244.912 	223.896 	-23.097 	-9.010 	-0.778 	
1018.202 	106.116 	1112.244 	24.365 	6.234 	50.198 	
541.498 	152.904 	82.422 	-24.114 	-36.225 	31.411 	
429.295 	-11.110 	-37.905 	53.405 	23.200 	36.764 	
1226.068 	551.963 	-366.528 	30.109 	14.104 	-1.427 	
-52.543 	1075.719 	-519.425 	-16.184 	46.141 	-20.295 	
-53.138 	-170.518 	-79.971 	5.169 	-17.223 	-25.156 	
724.303 	325.467 	379.929 	-9.192 	17.567 	8.550 	
591.972 	-245.768 	-129.361 	-25.428 	29.670 	2.611 	
-15863.905 	-5501.654 	15030.090 	-510.371 	-177.711 	482.541 	
-238.695 	-727.358 	-305.237 	-53.602 	-59.186 	-31.900 	
-185.381 	-281.691 	-64.378 	7.654 	-9.866 	-3.007 	
353.465 	-123.754 	270.259 	1.820 	-34.282 	-37.144 	
485.172 	-30.591 	76.931 	-4.964 	-22.003 	12.970 	
-5308.146 	1026.372 	-1754.111 	-373.618 	57.424 	-110.168 	
414.303 	12.885 	15.871 	-38.767 	-15.043 	-46.939 	
324.365 	-141.570 	-66.772 	-60.338 	-45.840 	-5.253 	
25.064 	73.652 	4.908 	-7.314 	-10.406 	-3.457 	
492.182 	-324.786 	-195.923 	17.092 	-23.845 	-15.340 	
-493.498 	-2239.129 	4386.039 	-12.584 	-68.814 	138.056 	
982.922 	346.781 	191.030 	17.532 	-0.754 	19.862 	
683.260 	993.676 	-188.553 	8.576 	52.857 	-14.974 	
700.507 	-258.857 	3.469 	0.949 	21.920 	30.141 	
773.496 	83.329 	120.703 	-28.222 	6.827 	13.085 	
1428.798 	865.666 	323.076 	60.580 	16.803 	5.167 	
-1818.638 	-1456.712 	1808.741 	-118.222 	-75.662 	94.543 	
282.376 	-176.497 	-44.480 	23.245 	-4.367 	-4.198 	
1075.062 	202.344 	275.565 	-61.640 	13.121 	-115.285 	
-52286.407 	28197.494 	-2930.573 	-1650.385 	892.129 	-93.690 	
1137.997 	520.027 	112.981 	29.448 	2.676 	-1.293 	
-604.841 	-121.653 	202.454 	-38.516 	2.496 	-2.232 	
377.777 	-46.208 	-25.218 	-5.242 	-15.108 	34.096 	
1802.563 	-817.180 	-527.832 	96.757 	-51.323 	-29.590 	
839.439 	-232.190 	226.145 	9.721 	11.789 	-11.686 	
302.131 	-444.009 	-357.328 	8.893 	14.736 	-4.227 	
-8687.091 	2960.745 	2914.460 	-285.465 	88.481 	87.689 	
-26419.257 	-12080.158 	-1521.409 	-1427.287 	-644.146 	-86.997 	
1093.228 	111.538 	1467.405 	61.312 	20.750 	85.915 	
-17.856 	-806.708 	-147.961 	0.450 	-26.412 	6.703 	
386.778 	-147.625 	109.097 	5.737 	-35.655 	3.704 	
255.015 	-109.269 	30.325 	-6.447 	-18.614 	5.471 	
-2815.061 	-17986.034 	4645.367 	-135.585 	-724.978 	184.673 	
503.999 	120.025 	-33.567 	-14.256 	-10.916 	2.209 	
56169.140 	102354.192 	-24945.268 	2486.957 	4580.901 	-1118.272 	
536.811 	1130.761 	-488.214 	-13.424 	10.761 	-6.126 	
498.096 	-53.764 	748.319 	-9.768 	-11.596 	2.997 	
668.913 	122.017 	18.602 	78.636 	6.383 	3.480 	
453.894 	-154.817 	93.982 	11.946 	-3.588 	8.970 	
359.904 	-169.582 	118.215 	-23.181 	13.848 	31.797 	
359.975 	-398.515 	-386.022 	-5.425 	16.042 	-15.269 	
24.321 	-329.155 	228.862 	8.144 	10.164 	-2.026 	
403.968 	-39.979 	131.178 	46.893 	11.126 	-11.627 	
467.976 	-192.852 	-54.250 	8.098 	11.947 	58.670 	
-1350.384 	-1634.733 	1782.842 	-80.026 	-72.866 	69.094 	
640.259 	-754.275 	-241.818 	15.114 	-20.072 	0.743 	
-146.020 	-128.842 	-337.417 	-40.195 	-16.743 	-25.433 	
49.176 	1589.768 	1516.831 	-20.371 	67.350 	65.492 	
425.676 	49.368 	-64.869 	-4.267 	-6.393 	66.334 	
945.506 	-140.445 	151.784 	10.567 	-1.965 	16.799 	
673.143 	-225.444 	-102.419 	22.930 	-26.444 	-11.349 	
254.469 	-180.149 	1.915 	35.199 	40.132 	-20.695 	
371.262 	-17.207 	-102.427 	32.348 	9.939 	0.471 	
260.798 	-573.916 	-182.637 	7.649 	3.706 	12.822 	
687.331 	-107.278 	12.532 	-26.466 	-6.851 	11.298 	
-229.962 	-751.145 	-884.647 	-13.579 	-32.254 	-55.493 	
1143.412 	58.351 	97.866 	6.939 	15.029 	5.799 	
744.854 	336.942 	31.203 	18.657 	-10.975 	7.350 	
514.913 	72.232 	52.654 	-9.915 	57.559 	34.226 	
-1159.793 	823.228 	-283.146 	-67.394 	35.590 	-12.379 	
369.051 	22.985 	-82.000 	42.530 	-30.702 	41.802 	
-163.882 	-2677.181 	-1903.776 	-113.798 	-484.403 	-342.298 	
354.327 	66.009 	15.161 	42.510 	25.924 	49.785 	
1829.824 	-270.465 	378.221 	19.238 	1.880 	8.788 	
568.172 	588.711 	717.476 	16.694 	18.055 	18.031 	
1989.336 	-5067.497 	-237.670 	52.873 	-192.182 	-7.375 	
-2177.398 	-1631.051 	-3808.728 	-247.669 	-150.546 	-372.571 	
198.328 	-749.992 	593.241 	2.265 	-16.729 	23.865 	
572.587 	-93.300 	-132.119 	48.450 	4.804 	-23.880 	
340.907 	11.680 	-22.433 	-27.438 	-5.991 	12.170 	
2209.028 	-1205.715 	-3556.459 	52.165 	-43.245 	-123.314 	
3792.001 	1891.022 	4240.611 	331.194 	190.810 	407.169 	
-101.807 	-1130.952 	671.179 	-23.434 	-53.005 	23.256 	
407.524 	57.817 	84.822 	-45.943 	8.904 	-7.933 	
491.511 	175.121 	-151.690 	-18.539 	-14.632 	9.704 	
-179.639 	-288.780 	-238.447 	-6.161 	-2.392 	9.900 	
372.669 	0.460 	-113.430 	-0.174 	-29.178 	13.309 	
544.451 	-413.696 	-199.276 	25.302 	21.540 	-8.802 	
3248.821 	-1924.077 	2192.402 	177.805 	-113.616 	134.631 	
-538.348 	-376.916 	1146.238 	-39.914 	-20.004 	56.412 	
461.116 	-160.275 	-234.375 	36.429 	28.357 	18.975 	
278.081 	-354.033 	-382.357 	14.643 	13.711 	-9.734 	
3182.560 	-6036.946 	2161.645 	120.209 	-273.733 	96.961 	
210.833 	-143.155 	-114.790 	44.143 	30.382 	-7.723 	
174.441 	-420.266 	148.554 	32.468 	-10.868 	26.655 	
706.128 	105.485 	64.259 	-0.872 	-14.406 	-4.662 	
-619.188 	-780.087 	-65.440 	-5.693 	-21.679 	5.023 	
92.845 	3352.131 	2106.129 	-21.608 	143.361 	92.721 	
30.720 	-136.703 	-39.221 	-25.314 	-19.797 	-13.589 	
153.196 	-117.948 	-376.299 	14.357 	-27.705 	5.475 	
-1428.120 	-2935.182 	-468.698 	-71.034 	-86.376 	-12.643 	
-34.410 	-529.968 	1005.905 	-12.655 	-19.011 	39.167 	
29596.426 	17111.945 	35786.660 	912.346 	539.482 	1128.939 	
7911.057 	8346.750 	-2174.369 	387.291 	426.382 	-111.418 	
328.504 	41.470 	2.066 	41.660 	-15.898 	-9.314 	
-123.072 	-267.631 	414.432 	-3.712 	-12.211 	5.994 	
885.856 	-486.092 	1806.025 	30.994 	-27.446 	102.063 	
10357.093 	3009.160 	2888.511 	329.279 	100.663 	98.471 	
214.395 	-176.093 	-10.383 	-44.514 	3.863 	29.103 	
641.349 	147.401 	-85.355 	-24.204 	2.578 	-22.734 	
1288.312 	-361.708 	-1024.443 	153.127 	-65.317 	-177.864 	
396.680 	-105.077 	-41.613 	-24.449 	-41.346 	-20.208 	
500.155 	17.175 	108.788 	-11.527 	-6.675 	3.536 	
-2827.942 	-5012.972 	-3323.052 	-115.814 	-162.703 	-107.073 	
94.412 	-246.918 	501.749 	3.900 	-17.299 	9.563 	
-621.474 	-258.868 	-105.430 	-40.901 	-12.721 	-11.707 	
-4411.543 	4336.402 	-25414.623 	-802.344 	732.771 	-4232.896 	
335.785 	-77.188 	-3.451 	6.492 	-17.692 	-22.199 	
230.197 	423.859 	134.229 	-40.180 	185.079 	30.397 	
-55.839 	-434.921 	-342.408 	-8.734 	-15.634 	3.284 	
-314.483 	911.723 	-4620.585 	-33.750 	50.962 	-257.319 	
170.734 	106.892 	-930.596 	5.674 	10.921 	-41.195 	
422.844 	-203.620 	28.361 	-44.641 	-4.208 	-18.611 	
658.956 	-23.174 	193.987 	4.011 	11.506 	36.384 	
784.833 	-503.137 	166.032 	-20.005 	7.229 	-3.613 	
499.881 	-109.529 	254.568 	-31.398 	-18.106 	3.186 	
-1708.557 	-1471.691 	-2356.043 	-128.779 	-88.304 	-165.444 	
967.651 	197.270 	-653.622 	68.611 	23.314 	-81.473 	
-664.371 	-418.891 	127.040 	-32.674 	-19.285 	-6.545 	
531.940 	-177.535 	-139.543 	19.175 	3.036 	1.288 	
410.523 	166.320 	-192.348 	-31.670 	9.888 	-4.229 	
535.473 	2.205 	18.320 	-8.688 	-25.465 	27.574 	
144.530 	-222.070 	-68.316 	19.054 	1.411 	38.241 	
-3132.790 	-2499.246 	263.510 	-179.499 	-128.297 	10.059 	
487.498 	-50.028 	14.600 	37.606 	-31.526 	-55.467 	
611.225 	159.944 	-84.496 	-20.153 	22.201 	-35.700 	
402.050 	-2.357 	75.609 	-41.881 	16.344 	-1.741 	
292.996 	-49.212 	-57.219 	-12.415 	25.904 	12.873 	
318.742 	-53.715 	-63.495 	-9.213 	-50.996 	-4.768 	
121.210 	-217.140 	-203.478 	27.486 	5.396 	12.271 	
1346.378 	791.033 	564.559 	2.703 	12.314 	9.400 	
353.824 	-99.210 	73.464 	37.976 	33.434 	32.119 	
375.469 	-112.738 	-137.454 	-11.999 	37.393 	-39.241 	
578.381 	-164.473 	177.689 	-22.057 	-27.155 	24.635 	
-527.339 	1789.469 	1353.957 	-60.161 	125.284 	95.709 	
32.975 	27.078 	-55.738 	22.896 	-18.199 	21.088 	
-1363.599 	7217.847 	4157.185 	-74.853 	276.819 	160.976 	
155.165 	-767.686 	158.421 	-6.902 	-11.902 	3.730 	
588.625 	-142.808 	-12.521 	25.794 	-66.425 	-14.540 	
-96.376 	3.511 	-107.854 	17.967 	-20.627 	-4.013 	
534.501 	-195.658 	28.751 	19.369 	-20.683 	41.389 	
-254.920 	-425.666 	727.675 	-13.557 	-21.421 	23.889 	
7952.422 	-2048.158 	-1926.088 	216.629 	-61.515 	-57.564 	
-2682.239 	-149.853 	-2108.680 	-172.713 	-10.665 	-118.973 	
1108.340 	-96.006 	117.287 	24.845 	-12.231 	-16.756 	
7153.785 	204.729 	2012.529 	223.758 	6.021 	70.885 	
553.875 	34.609 	-34.095 	8.286 	33.624 	-21.034 	
1605.189 	-4061.912 	9158.277 	28.448 	-139.487 	309.250 	
446.813 	-210.791 	-47.275 	5.511 	43.464 	30.262 	
-4056.837 	-369.964 	-902.833 	-139.978 	-10.326 	-19.782 	
272.082 	-80.725 	-52.231 	-4.902 	-14.374 	37.620 	
431.708 	-172.970 	-239.280 	-19.462 	-30.722 	15.207 	
416.783 	-100.761 	-99.278 	-36.202 	12.923 	3.939 	
-2644.619 	-3201.670 	5170.270 	-162.204 	-167.531 	278.187 	
16.877 	149.495 	1221.976 	-9.765 	18.201 	56.815 	
378.913 	38.850 	66.519 	14.668 	-1.669 	-34.226 	
-591.494 	-1774.311 	-2290.415 	-51.749 	-89.268 	-115.086 	
380.974 	-173.963 	349.274 	10.417 	-1.970 	-28.661 	
71.282 	-196.113 	0.395 	31.926 	18.645 	-2.521 	
220.243 	119.969 	178.253 	-21.469 	3.416 	-54.146 	
-461.360 	-813.781 	753.433 	-36.399 	-40.966 	39.334 	
856.149 	432.442 	77.986 	-12.387 	12.146 	4.339 	
159.437 	-117.342 	-110.290 	-16.003 	2.305 	-23.969 	
529.591 	10.478 	83.419 	40.766 	-25.809 	-29.320 	
447.291 	-544.096 	-142.675 	16.029 	-6.345 	21.888 	
-1098.209 	-118.359 	2125.613 	-56.271 	-8.991 	67.957 	
-4000.825 	4865.768 	-7093.195 	-161.667 	162.707 	-241.243 	
512.693 	126.408 	394.178 	31.372 	15.883 	10.113 	
59.132 	8.126 	-6.456 	20.712 	23.898 	20.337 	
428.811 	-134.628 	-6.530 	5.229 	-18.916 	2.176 	
465.014 	-137.968 	261.600 	75.762 	60.406 	68.730 	
419.348 	-588.621 	-20.331 	30.197 	-196.732 	-30.043 	
342.022 	-111.225 	-45.332 	-14.814 	-43.222 	-4.147 	
209.715 	-323.709 	205.569 	14.946 	16.175 	-5.076 	
-637.908 	-305.206 	-145.198 	-116.601 	-41.071 	-8.094 	
-7813.565 	2224.018 	-2792.347 	-289.976 	77.917 	-96.774 	
872.646 	2215.617 	1797.693 	76.533 	412.017 	335.435 	
-260.657 	-690.649 	347.715 	-15.569 	-20.098 	15.745 	
-613.699 	393.307 	-341.753 	-36.753 	17.342 	-21.957 	
971.231 	866.882 	-676.115 	-7.229 	18.732 	-7.830 	
-350.858 	-316.346 	473.243 	-33.791 	-19.390 	24.354 	
-290.647 	149.335 	-1162.008 	-31.871 	5.376 	-59.649 	
44.574 	-722.978 	241.026 	-10.259 	-10.477 	10.059 	
-32005.133 	-17929.848 	-36255.534 	-1033.693 	-567.479 	-1146.861 	
673.280 	-57.253 	53.719 	-30.189 	1.199 	-13.374 	
516.977 	15.942 	-26.234 	-0.386 	31.935 	58.332 	
-103.111 	-338.548 	-399.766 	-4.367 	-26.647 	9.474 	
-2664.458 	175.050 	132.491 	-94.364 	-1.309 	5.612 	
-2487.957 	-455.918 	-4685.561 	-105.449 	-17.210 	-157.181 	
424.859 	-6.578 	-41.439 	-44.858 	-45.514 	50.425 	
333.447 	-921.987 	406.483 	14.941 	-38.853 	23.568 	
829.176 	78.528 	47.729 	41.792 	-10.410 	-8.656 	
49.175 	-956.214 	-799.999 	-6.522 	-44.805 	-38.431 	
356.228 	-66.528 	-27.269 	64.604 	-19.528 	-0.479 	
-1767.096 	706.581 	-808.974 	-74.029 	15.893 	-18.971 	
1062.669 	-138.660 	281.970 	24.715 	-8.934 	26.453 	
500.928 	-112.171 	53.190 	-1.053 	57.581 	-34.809 	
24405.580 	11252.851 	-236.346 	1283.472 	600.325 	-18.482 	
378.658 	-59.698 	19.882 	12.224 	-5.167 	0.529 	
525.204 	-2.589 	2.025 	-24.872 	33.751 	-57.005 	
331.560 	176.540 	243.273 	-27.106 	-0.996 	21.892 	
-875.077 	-297.255 	-620.877 	-36.812 	-20.103 	-11.471 	
-7358.817 	-1518.924 	-458.421 	-273.938 	-51.615 	-12.416 	
-2661.305 	3644.145 	-1986.634 	-141.839 	159.993 	-88.825 	
284.740 	480.520 	-897.912 	6.391 	20.273 	-46.133 	
333.569 	46.009 	22.883 	46.836 	24.630 	20.306 	
387.629 	82.231 	-91.179 	-71.473 	36.461 	-51.578 	
257.543 	526.152 	-316.422 	18.484 	20.179 	-5.891 	
352.798 	-131.650 	-134.531 	-4.780 	44.037 	32.301 	
671.952 	-336.980 	28.389 	-6.751 	24.024 	7.492 	
471.972 	-258.360 	-135.640 	-8.106 	40.021 	-5.642 	
455.077 	-138.433 	-72.337 	-42.792 	-34.551 	-33.747 	
447.523 	40.286 	62.486 	19.090 	-27.740 	13.053 	
4656.452 	2157.107 	91.744 	123.066 	63.461 	2.533 	
-439.333 	116.039 	-1046.682 	-27.168 	3.522 	-47.607 	
-39.231 	-447.859 	-363.987 	9.667 	-9.653 	7.785 	
503.594 	142.361 	-72.098 	2.849 	8.232 	14.156 	
316.705 	-80.822 	-509.853 	10.523 	-8.403 	7.086 	
417.751 	-69.628 	4.326 	-38.243 	24.248 	-19.830 	
-1563.599 	-2070.062 	-416.428 	-63.466 	-50.105 	-11.447 	
179.797 	-430.788 	681.407 	4.739 	-9.180 	22.342 	
179.780 	-67.935 	113.031 	-7.355 	-15.270 	20.953 	
-3905.103 	-2009.354 	-467.250 	-137.076 	-54.869 	-14.466 	
262.911 	12.157 	-14.366 	-6.880 	25.559 	43.456 	
258.979 	1112.443 	-484.775 	3.898 	52.587 	-24.506 	
-55386.347 	-102369.968 	24595.405 	-2508.042 	-4585.819 	1099.951 	
2196.270 	4007.586 	2200.116 	108.787 	256.961 	140.979 	
-6.897 	-624.660 	219.613 	6.926 	-34.973 	-9.970 	
1742.041 	1891.016 	-507.451 	41.775 	77.193 	-23.562 	
255.175 	-824.794 	-167.362 	-7.633 	-16.650 	0.681 	
9585.430 	-123.325 	1440.135 	311.900 	-2.205 	48.378 	
2952.558 	17757.527 	-5508.470 	97.252 	717.858 	-225.271 	
400.959 	-16.936 	-8.488 	39.364 	-61.340 	12.111 	
457.362 	-128.403 	96.058 	-52.410 	12.219 	-56.225 	
2142.734 	1149.250 	-4384.154 	94.725 	66.437 	-233.532 	
-931.722 	155.921 	-537.162 	-39.873 	15.538 	-27.377 	
495.656 	-69.695 	51.705 	49.107 	9.659 	-3.363 	
623.631 	-59.346 	-144.266 	20.315 	-4.695 	-24.823 	
5269.578 	-4312.818 	25867.610 	804.821 	-703.079 	4280.351 	
-905.768 	-789.229 	797.571 	-52.368 	-19.655 	25.111 	
61.914 	92.958 	85.862 	-9.901 	45.902 	-22.148 	
-1532.173 	-1623.313 	5.675 	-88.348 	-64.791 	0.378 	
-1078.432 	-2851.899 	-825.888 	-102.903 	-181.789 	-53.234 	
-408.251 	-60.288 	-618.497 	-33.164 	1.725 	10.350 	
4002.164 	3623.646 	2264.807 	205.268 	204.324 	124.845 	
87.592 	-641.634 	65.869 	0.586 	-12.735 	17.337 	
495.379 	-4.321 	108.737 	53.158 	17.885 	4.219 	
-2638.996 	-1849.979 	-1497.628 	-161.235 	-97.495 	-81.696 	
-1065.152 	-1735.038 	-1895.795 	-75.758 	-87.341 	-90.650 	
413.205 	0.431 	69.705 	-35.452 	-8.631 	-35.754 	
-122.748 	190.451 	61.141 	20.363 	20.025 	1.068 	
446.724 	-235.271 	-68.007 	22.053 	-30.986 	-19.416 	
2888.989 	5393.846 	-1753.498 	140.111 	302.026 	-99.193 	
-449.866 	244.609 	-2240.497 	-51.043 	13.706 	-138.303 	
304.473 	-4.950 	-11.572 	-52.905 	39.518 	-6.427 	
232.919 	-533.986 	1535.482 	-14.606 	-6.469 	35.346 	
210.350 	10.606 	-98.373 	20.781 	32.712 	35.432 	
315.445 	-16.859 	69.078 	-39.815 	-26.898 	-5.472 	
232.352 	-309.352 	-254.037 	31.892 	-13.866 	14.278 	
499.502 	-36.466 	-46.727 	-24.619 	0.374 	-40.482 	
416.135 	102.961 	117.923 	-4.607 	25.831 	-18.364 	
378.190 	122.559 	45.518 	-28.594 	18.024 	-10.934 	
535.422 	24.355 	-118.867 	10.064 	33.386 	-4.643 	
778.095 	62.542 	-330.842 	10.875 	-9.073 	-24.553 	
-1192.736 	-395.651 	-318.106 	-41.447 	-12.867 	-24.090 	
555.693 	175.988 	23.688 	-25.581 	10.227 	-1.605 	
-937.546 	-967.264 	-11.235 	-58.264 	-50.589 	-6.815 	
424.687 	-86.528 	80.912 	-33.606 	-20.192 	13.836 	
359.549 	-125.758 	272.948 	25.129 	10.844 	-6.104 	
-425.734 	-1669.239 	-570.654 	-32.434 	-72.677 	-20.203 	
-9820.999 	-461.583 	-1817.477 	-358.902 	-18.771 	-60.596 	
