## Las primeras 200 lineas corresponden a la esfera 1 
##las siguienets 250 lineas a la esfera 2
## Las primeras tres columnas corresponden a la posición en 'x', 'y' y 'z', dadas en kpc, las siguientes tres a las velocidades, dadas en km/s
1582.887 	1298.037 	29.976 	47.908 	52.803 	2.488 	
1077.836 	-170.538 	-90.401 	2.146 	6.837 	0.685 	
795.996 	57.673 	244.171 	-21.098 	-4.524 	-0.977 	
-606.035 	223.509 	875.832 	-136.181 	26.794 	117.677 	
-1397.168 	596.283 	225.074 	-31.252 	11.090 	4.270 	
1220.457 	148.847 	116.952 	12.240 	3.497 	10.395 	
922.578 	-391.439 	102.516 	-4.603 	7.082 	0.251 	
1414.897 	206.117 	396.338 	41.630 	8.949 	18.621 	
272.888 	-67.573 	57.246 	4.411 	31.372 	-14.489 	
203.729 	-36.776 	-93.361 	32.384 	-30.937 	-6.370 	
-390.659 	11.944 	-568.677 	13.398 	10.440 	-7.373 	
-852.777 	-3606.657 	-3608.870 	-25.370 	-97.967 	-97.964 	
-12258.302 	4239.672 	-1359.647 	-752.530 	251.432 	-80.918 	
981.812 	674.526 	-490.687 	24.618 	20.944 	-7.378 	
256.627 	-64.182 	-87.540 	1.411 	-25.700 	-50.940 	
3356.188 	-1429.526 	-1091.799 	95.609 	-38.659 	-24.868 	
-86.727 	1172.150 	759.760 	0.928 	29.781 	22.898 	
373.223 	-149.801 	-38.081 	-65.864 	39.229 	28.050 	
321.996 	-67.084 	133.205 	46.347 	14.516 	-22.015 	
475.657 	580.051 	38.214 	-2.858 	5.739 	0.083 	
1330.409 	565.200 	-141.496 	34.968 	9.033 	-0.983 	
304.985 	-597.609 	-321.479 	17.131 	-47.949 	-17.785 	
414.379 	-87.063 	1.437 	-37.386 	-26.873 	10.630 	
631.612 	857.289 	-267.709 	4.968 	44.354 	0.339 	
294.116 	18.333 	-64.970 	24.463 	-63.477 	22.140 	
1750.376 	589.720 	-57.067 	51.422 	18.610 	-1.112 	
1078.331 	-235.270 	-71.649 	7.248 	6.868 	13.330 	
1325.794 	581.418 	85.342 	24.447 	20.500 	-9.449 	
408.535 	77.228 	-207.181 	-21.751 	4.220 	-11.527 	
109.375 	-328.914 	-270.267 	18.611 	12.573 	2.591 	
390.183 	-381.129 	42.870 	32.041 	-1.704 	16.633 	
180.240 	-1153.758 	-1095.900 	-36.745 	-102.680 	-90.687 	
1435.049 	231.297 	678.446 	142.377 	15.414 	149.879 	
1656.495 	180.624 	-296.650 	42.251 	10.134 	-7.091 	
397.725 	-88.355 	-67.525 	36.196 	8.879 	-41.996 	
-102.061 	-364.602 	52.811 	6.990 	-18.873 	7.142 	
190.733 	72.851 	23.262 	-30.044 	-29.491 	-4.033 	
407.135 	504.068 	-9.865 	-23.196 	10.506 	10.622 	
280.761 	-182.429 	364.893 	12.364 	-9.998 	15.881 	
410.098 	-70.151 	35.292 	22.323 	30.215 	9.446 	
1126.835 	-322.384 	638.536 	8.644 	-10.214 	25.912 	
365.487 	-147.486 	-168.005 	-4.853 	27.930 	0.732 	
155.794 	-294.994 	-232.259 	32.613 	13.075 	36.236 	
388.243 	-119.255 	41.606 	8.730 	-30.847 	-7.536 	
1008.381 	555.586 	-357.465 	16.413 	5.097 	-4.881 	
313.570 	-140.629 	-47.272 	14.366 	30.450 	-54.331 	
3393.689 	4519.579 	-4641.046 	104.275 	136.841 	-138.250 	
418.563 	-79.719 	-45.362 	47.979 	-13.349 	-11.460 	
309.738 	-187.081 	-179.306 	10.770 	-10.319 	-25.836 	
-490.316 	-752.176 	-183.556 	8.727 	-16.694 	-8.524 	
616.115 	760.957 	47.048 	-4.481 	13.880 	-11.474 	
1547.827 	-5702.592 	-5996.045 	44.680 	-166.545 	-172.455 	
397.435 	90.782 	-119.265 	44.522 	10.200 	4.183 	
433.390 	-19.682 	-2.486 	23.574 	-40.338 	3.580 	
5919.377 	1761.438 	-342.540 	259.011 	81.447 	-17.533 	
391.296 	-198.904 	57.353 	9.207 	14.843 	24.953 	
-49.213 	-164.688 	-65.976 	16.675 	-16.330 	18.279 	
804.541 	160.512 	110.362 	-1.593 	-6.426 	-31.712 	
-1417.177 	636.213 	332.773 	-86.108 	19.768 	8.118 	
-7993.379 	-10722.773 	2984.805 	-389.627 	-501.850 	139.346 	
478.509 	-157.271 	-5.017 	135.893 	-136.460 	-19.719 	
6069.224 	-836.631 	1317.267 	503.550 	-74.696 	121.421 	
7016.445 	-3062.474 	-4749.528 	239.846 	-106.587 	-159.260 	
361.966 	-119.855 	-127.029 	14.673 	-55.274 	-19.303 	
275.365 	659.726 	695.108 	-16.539 	20.744 	18.067 	
-5883.604 	-334.462 	-1247.382 	-554.654 	-30.689 	-105.635 	
754.058 	-1827.709 	3530.344 	23.838 	-54.541 	105.004 	
185.794 	-134.033 	-62.145 	-11.426 	36.643 	-17.227 	
719.911 	-22.102 	-22.492 	-9.667 	43.447 	-41.169 	
403.203 	10.031 	36.139 	-11.729 	25.057 	58.290 	
329.246 	-65.891 	-133.197 	36.471 	13.661 	33.459 	
-33.740 	-413.908 	-629.528 	3.165 	-21.155 	-20.248 	
673.089 	464.673 	284.596 	-1.596 	-4.577 	-2.324 	
708.544 	-646.151 	-269.035 	57.568 	-111.828 	-53.318 	
-254.145 	2570.118 	239.105 	-0.358 	72.856 	5.588 	
500.342 	67.725 	133.175 	-0.802 	-0.107 	22.445 	
326.444 	-3012.308 	265.944 	-5.602 	-137.126 	9.826 	
1409.666 	1015.542 	233.773 	46.146 	46.220 	3.211 	
311.867 	117.321 	-148.402 	6.312 	38.042 	12.754 	
439.009 	-305.543 	-151.847 	1.881 	10.823 	-5.622 	
944.255 	530.452 	124.164 	20.008 	29.748 	15.681 	
-3055.903 	1153.390 	-1197.449 	-81.984 	32.471 	-33.520 	
295.818 	-698.111 	126.795 	-16.480 	-2.168 	-3.649 	
-4939.682 	3177.470 	7208.758 	-167.229 	105.682 	246.786 	
502.694 	416.723 	-315.974 	2.512 	-10.557 	2.860 	
459.793 	108.441 	-11.479 	21.523 	-6.836 	-0.279 	
-387.971 	-357.510 	-3504.798 	-6.316 	-7.624 	-98.646 	
183.153 	-231.229 	-3.746 	-48.630 	-13.939 	1.576 	
6553.951 	-605.924 	3147.226 	341.888 	-41.056 	180.567 	
400.001 	-24.821 	-21.601 	-1.024 	30.849 	-20.424 	
782.882 	-334.090 	-259.412 	26.046 	-30.558 	-16.191 	
222.884 	837.446 	694.119 	-22.777 	39.841 	28.206 	
-56.127 	-659.327 	171.310 	-24.388 	-39.712 	22.637 	
-289.057 	-56.086 	-859.257 	15.361 	-2.262 	-10.420 	
745.411 	331.109 	149.797 	-8.208 	-6.773 	6.466 	
1250.211 	499.532 	767.582 	38.116 	19.850 	32.436 	
349.172 	-174.075 	-8.049 	25.438 	2.186 	-3.610 	
7023.474 	-13823.722 	18150.522 	257.725 	-507.555 	669.126 	
7867.962 	-4203.468 	-4853.478 	353.188 	-199.986 	-230.181 	
284.128 	-20.669 	-9.485 	-0.468 	7.942 	-5.323 	
1464.685 	565.023 	-521.650 	34.380 	14.844 	-18.863 	
248.689 	-306.698 	-195.174 	-28.986 	17.226 	-33.946 	
420.669 	216.888 	70.021 	-45.206 	-5.269 	4.328 	
260.791 	-87.160 	-22.712 	-15.594 	32.328 	-22.013 	
5548.354 	479.610 	119.089 	174.012 	11.383 	2.125 	
845.562 	669.084 	221.056 	13.364 	19.787 	-0.763 	
864.135 	-573.364 	189.106 	-10.967 	-29.722 	11.679 	
-606.314 	6741.070 	787.196 	-19.210 	188.694 	22.950 	
-918.773 	-498.697 	-60.327 	-51.446 	-12.185 	4.133 	
159.263 	-110.475 	-148.842 	-30.871 	-22.408 	-23.856 	
73.202 	-28.192 	-16.624 	-18.201 	-4.266 	43.005 	
220.095 	-78.460 	-102.759 	35.848 	5.050 	7.787 	
957.338 	-531.988 	565.973 	13.861 	-18.311 	17.127 	
388.768 	16.159 	-38.836 	38.322 	-61.237 	3.155 	
580.964 	635.466 	95.366 	2.723 	8.755 	-7.311 	
182.363 	535.436 	-164.908 	-39.078 	107.420 	-29.833 	
644.487 	-73.697 	554.124 	-22.078 	-2.391 	14.800 	
3612.953 	1479.263 	2119.727 	152.311 	69.259 	100.677 	
2026.154 	537.774 	-247.368 	60.945 	23.830 	-11.513 	
504.064 	-42.021 	45.736 	9.903 	-16.183 	22.414 	
1391.531 	452.189 	94.660 	19.106 	12.236 	-1.582 	
55732.256 	-29428.841 	-2643.688 	1665.270 	-877.333 	-79.981 	
489.109 	-99.543 	-267.796 	15.317 	-18.148 	-37.242 	
1382.832 	988.390 	441.803 	33.922 	45.742 	17.885 	
-2362.839 	5261.506 	5093.262 	-131.911 	248.228 	240.856 	
17352.462 	6154.781 	-15087.289 	524.916 	185.465 	-457.104 	
172.210 	-108.610 	-10.824 	50.546 	-9.520 	-5.618 	
1208.593 	1751.990 	-1744.111 	35.297 	42.605 	-38.885 	
386.391 	-161.259 	17.809 	-1.532 	13.132 	-34.168 	
348.416 	-262.306 	-231.302 	7.562 	4.076 	-19.236 	
-119.403 	-486.880 	-506.764 	-41.593 	-13.424 	-61.837 	
12206.949 	-4146.191 	1096.773 	701.133 	-246.632 	65.080 	
1996.656 	1079.386 	140.798 	66.747 	33.187 	15.973 	
560.116 	-23.129 	604.802 	0.600 	-7.176 	2.024 	
948.076 	225.826 	102.831 	-3.663 	4.188 	4.896 	
-82.325 	-92.939 	-8.268 	-41.613 	-14.088 	-0.324 	
-4175.864 	10814.590 	-17921.875 	-155.083 	400.625 	-660.496 	
6801.817 	1799.245 	12991.918 	228.705 	62.879 	440.736 	
368.022 	317.408 	-124.728 	9.296 	3.037 	0.381 	
312.505 	-78.081 	-325.587 	11.445 	-4.912 	10.401 	
1131.228 	-281.424 	-122.420 	8.479 	5.852 	-3.104 	
130.084 	-200.121 	46.184 	-42.948 	-12.302 	33.811 	
2601.239 	-20.550 	-777.466 	97.383 	0.682 	-33.282 	
359.704 	473.006 	226.579 	-2.139 	-7.773 	-2.073 	
489.759 	-274.654 	3.307 	41.027 	10.620 	1.654 	
341.749 	-144.393 	-43.577 	50.633 	31.173 	10.432 	
810.354 	-13.156 	441.433 	-11.468 	-11.345 	32.236 	
1353.615 	506.037 	-307.846 	32.314 	17.927 	-6.768 	
197.056 	-155.440 	-70.542 	-0.363 	12.261 	-28.894 	
450.110 	-321.540 	575.844 	-19.523 	-2.277 	11.340 	
343.398 	26.473 	-55.274 	15.513 	29.504 	4.698 	
-781.049 	3079.108 	2453.135 	-57.521 	140.145 	113.534 	
1827.454 	215.683 	50.849 	54.143 	10.631 	-2.509 	
1394.880 	345.416 	1.142 	21.147 	15.628 	0.549 	
395.967 	-498.273 	-579.944 	23.866 	-45.146 	-65.271 	
1634.195 	422.552 	-60.587 	35.012 	14.563 	-8.042 	
1114.250 	1551.633 	-1066.049 	28.386 	31.073 	-19.221 	
111.834 	122.190 	-132.918 	-1.810 	-36.114 	2.688 	
-3783.900 	1378.307 	2224.760 	-106.307 	36.450 	63.171 	
-5416.879 	-1839.574 	-9235.622 	-186.108 	-60.618 	-313.483 	
1077.726 	121.460 	755.174 	13.239 	10.850 	20.227 	
765.449 	214.970 	435.056 	4.302 	4.816 	-10.121 	
913.313 	440.885 	-290.494 	16.819 	1.005 	-1.391 	
245.049 	-130.784 	-21.590 	-26.830 	-43.061 	3.526 	
69.552 	1637.542 	833.980 	8.023 	36.853 	21.368 	
776.615 	252.643 	-24.740 	18.004 	-35.757 	-11.157 	
502.758 	-16.206 	-26.345 	38.902 	10.867 	8.400 	
381.310 	-87.512 	43.241 	-11.261 	23.336 	22.143 	
157.408 	-160.381 	98.015 	31.178 	8.558 	-4.160 	
755.590 	65.759 	83.173 	-21.234 	-25.403 	-8.572 	
492.872 	222.694 	217.352 	-24.548 	-15.331 	-6.519 	
1062.484 	117.481 	1203.393 	23.798 	6.126 	48.937 	
489.145 	73.765 	130.063 	-29.883 	-54.074 	20.077 	
500.521 	14.010 	32.733 	29.404 	4.865 	38.362 	
1280.479 	576.658 	-367.965 	29.086 	12.759 	-0.154 	
-81.799 	1159.603 	-556.285 	-15.639 	45.089 	-19.794 	
-37.797 	-196.722 	-123.924 	11.746 	-11.880 	-21.712 	
706.031 	355.273 	392.714 	-10.641 	14.847 	5.367 	
536.433 	-182.656 	-119.860 	-34.199 	40.720 	7.288 	
-16802.692 	-5828.539 	15917.686 	-510.366 	-177.709 	482.536 	
-335.978 	-834.618 	-363.140 	-52.253 	-57.515 	-31.077 	
-166.573 	-298.172 	-69.816 	12.784 	-7.996 	-2.919 	
374.815 	-175.617 	204.123 	13.367 	-24.006 	-40.699 	
465.668 	-66.710 	83.978 	-16.034 	-14.842 	-5.886 	
-5995.317 	1131.981 	-1956.733 	-373.542 	57.405 	-110.143 	
342.650 	-31.419 	-66.989 	-34.908 	-34.187 	-36.656 	
223.137 	-213.674 	-58.963 	-49.301 	-31.163 	10.279 	
20.855 	48.877 	-2.753 	2.968 	-16.201 	-4.683 	
520.393 	-362.065 	-218.378 	13.969 	-16.934 	-9.411 	
-516.626 	-2365.658 	4639.885 	-12.564 	-68.761 	137.951 	
1012.555 	343.402 	226.151 	14.705 	-2.859 	18.268 	
698.733 	1089.141 	-215.819 	8.251 	50.991 	-14.682 	
694.713 	-214.302 	57.764 	-7.450 	26.376 	28.573 	
717.788 	95.749 	138.452 	-32.564 	5.610 	6.520 	
1538.972 	895.882 	332.251 	59.268 	16.072 	4.809 	
-2035.901 	-1595.783 	1982.492 	-118.013 	-75.552 	94.379 	
324.638 	-161.518 	-40.227 	33.008 	17.955 	9.957 	
957.856 	225.590 	62.091 	-67.226 	12.064 	-115.839 	
-55322.174 	29838.501 	-3102.910 	-1650.384 	892.128 	-93.690 	
1190.790 	523.405 	110.244 	27.980 	1.059 	-1.688 	
-673.880 	-117.243 	197.794 	-36.595 	2.302 	-2.812 	
336.715 	29.124 	76.506 	-69.341 	125.447 	90.855 	
1979.914 	-911.189 	-582.007 	96.099 	-50.908 	-29.326 	
853.681 	-208.307 	202.119 	5.737 	14.149 	-14.383 	
319.370 	-411.793 	-361.622 	9.799 	20.420 	-0.480 	
-9212.157 	3123.490 	3075.749 	-285.436 	88.471 	87.679 	
-29044.648 	-13265.017 	-1681.433 	-1427.284 	-644.144 	-86.996 	
1205.660 	149.635 	1624.620 	60.945 	20.674 	85.058 	
-15.877 	-852.786 	-135.162 	1.682 	-23.733 	7.206 	
395.347 	-201.035 	98.784 	3.920 	-21.423 	-14.341 	
262.075 	-137.955 	28.313 	12.785 	-10.128 	-8.830 	
-3064.459 	-19319.573 	4985.059 	-135.584 	-724.969 	184.671 	
470.124 	88.007 	-26.753 	-23.445 	-23.468 	6.508 	
60743.722 	110780.436 	-27002.251 	2486.957 	4580.901 	-1118.272 	
512.032 	1149.304 	-498.891 	-13.514 	9.418 	-5.487 	
480.069 	-75.024 	750.612 	-9.814 	-11.512 	-0.496 	
807.074 	128.826 	27.470 	71.709 	1.615 	6.037 	
465.195 	-147.828 	95.815 	0.694 	9.706 	-7.071 	
323.467 	-134.558 	159.983 	-16.874 	22.909 	14.474 	
347.973 	-366.089 	-408.991 	-7.663 	19.364 	-9.308 	
43.125 	-307.854 	221.843 	12.353 	13.040 	-5.666 	
487.875 	-19.943 	86.481 	40.382 	13.466 	-38.457 	
460.574 	-157.879 	47.955 	-14.076 	28.909 	50.855 	
-1497.444 	-1768.596 	1909.750 	-79.874 	-72.687 	68.898 	
666.827 	-788.390 	-239.484 	13.803 	-17.038 	1.763 	
-216.633 	-159.941 	-381.785 	-36.705 	-17.018 	-22.916 	
11.773 	1713.329 	1636.966 	-20.298 	67.004 	65.139 	
406.059 	14.092 	61.196 	-16.533 	-31.280 	61.966 	
960.964 	-142.970 	181.477 	6.243 	-0.827 	15.433 	
707.744 	-269.822 	-120.370 	15.055 	-21.833 	-8.232 	
334.066 	-100.781 	-45.257 	50.733 	44.584 	-27.149 	
410.466 	-4.904 	-85.314 	15.550 	-0.855 	21.077 	
275.832 	-562.119 	-158.065 	8.664 	9.095 	13.888 	
628.770 	-115.535 	33.442 	-37.978 	-1.752 	10.745 	
-254.331 	-809.776 	-985.692 	-12.940 	-31.519 	-54.401 	
1153.382 	86.375 	108.372 	3.968 	15.423 	5.581 	
776.285 	311.405 	43.538 	15.538 	-16.432 	6.509 	
488.427 	164.073 	113.105 	-17.129 	42.541 	30.329 	
-1283.186 	888.297 	-305.798 	-66.785 	35.171 	-12.253 	
441.120 	-50.726 	15.446 	30.610 	-44.618 	60.000 	
-373.186 	-3568.035 	-2533.290 	-113.779 	-484.232 	-342.180 	
431.033 	87.081 	96.568 	41.057 	1.223 	36.637 	
1864.169 	-266.715 	394.081 	18.116 	2.194 	8.460 	
598.639 	620.668 	749.044 	16.433 	16.712 	16.324 	
2086.561 	-5420.910 	-251.231 	52.840 	-192.083 	-7.370 	
-2632.910 	-1907.932 	-4493.955 	-247.609 	-150.507 	-372.476 	
202.760 	-779.202 	635.592 	2.547 	-15.060 	22.210 	
654.329 	-80.620 	-170.488 	40.629 	12.293 	-21.596 	
302.424 	-17.647 	-0.176 	-16.117 	-25.807 	6.638 	
2304.915 	-1285.218 	-3783.156 	52.093 	-43.199 	-123.175 	
4401.164 	2241.979 	4989.509 	331.148 	190.784 	407.106 	
-144.550 	-1227.438 	713.323 	-23.050 	-51.930 	22.586 	
327.992 	57.140 	49.674 	-38.225 	-10.182 	-27.747 	
454.219 	138.405 	-126.009 	-21.816 	-25.721 	18.400 	
-186.998 	-291.960 	-218.790 	-1.851 	-1.066 	11.478 	
386.522 	-65.858 	-54.595 	7.022 	-40.536 	45.568 	
587.280 	-368.108 	-211.934 	20.763 	27.993 	-4.977 	
3575.774 	-2132.991 	2439.962 	177.693 	-113.537 	134.543 	
-611.178 	-413.564 	1249.211 	-39.291 	-19.844 	55.573 	
521.152 	-105.632 	-187.738 	28.826 	30.935 	31.383 	
306.726 	-327.095 	-394.696 	16.573 	15.413 	-3.645 	
3403.653 	-6540.409 	2339.980 	120.184 	-273.680 	96.942 	
302.495 	-82.363 	-115.275 	56.321 	34.719 	8.594 	
236.334 	-434.843 	194.706 	34.652 	-5.017 	23.421 	
699.052 	76.627 	53.829 	-6.657 	-17.204 	-5.989 	
-628.350 	-818.911 	-56.297 	-4.295 	-20.551 	4.922 	
53.108 	3615.687 	2276.596 	-21.597 	143.205 	92.629 	
-7.856 	-170.984 	-63.952 	-17.695 	-17.450 	-13.558 	
182.859 	-168.783 	-359.701 	17.909 	-27.417 	12.688 	
-1558.652 	-3093.857 	-491.949 	-70.896 	-86.157 	-12.638 	
-57.265 	-564.404 	1076.642 	-12.203 	-18.444 	37.777 	
31274.622 	18104.284 	37863.264 	912.345 	539.481 	1128.938 	
8623.437 	9131.032 	-2379.311 	387.276 	426.364 	-111.414 	
418.977 	-10.945 	-12.573 	53.597 	-41.126 	-3.151 	
-127.497 	-289.411 	423.184 	-1.116 	-11.460 	3.546 	
942.706 	-536.417 	1993.168 	30.824 	-27.277 	101.438 	
10962.754 	3194.314 	3069.634 	329.253 	100.654 	98.463 	
152.819 	-176.713 	10.405 	-28.206 	-3.507 	4.456 	
585.478 	149.297 	-123.364 	-35.559 	-1.015 	-18.557 	
1569.400 	-481.609 	-1350.879 	152.546 	-65.070 	-177.129 	
344.100 	-164.450 	-63.332 	-33.455 	-21.736 	-1.230 	
474.302 	-8.621 	95.469 	-18.050 	-22.525 	-21.248 	
-3040.944 	-5312.203 	-3519.974 	-115.782 	-162.650 	-107.040 	
103.260 	-277.824 	515.906 	5.698 	-16.284 	5.870 	
-695.378 	-282.771 	-127.176 	-39.414 	-13.071 	-11.777 	
-5887.397 	5684.282 	-33200.734 	-802.343 	732.770 	-4232.893 	
371.764 	-95.713 	-36.235 	29.528 	-4.211 	-13.840 	
157.959 	760.823 	189.134 	-38.598 	181.694 	29.444 	
-64.355 	-463.061 	-339.163 	-0.733 	-14.161 	1.379 	
-376.549 	1005.438 	-5093.791 	-33.735 	50.934 	-257.198 	
181.472 	126.615 	-1004.488 	5.989 	10.533 	-39.194 	
331.009 	-190.482 	-7.265 	-50.544 	23.240 	-21.355 	
660.721 	-2.176 	254.560 	-1.801 	11.282 	29.603 	
746.256 	-486.619 	158.054 	-22.055 	10.764 	-5.071 	
437.723 	-141.560 	253.241 	-35.994 	-16.135 	-5.981 	
-1945.305 	-1634.038 	-2660.209 	-128.641 	-88.219 	-165.280 	
1092.729 	239.779 	-801.798 	67.446 	22.930 	-79.731 	
-722.927 	-453.858 	114.522 	-31.039 	-18.745 	-7.048 	
557.924 	-168.758 	-128.684 	7.977 	4.947 	10.899 	
352.722 	175.578 	-191.708 	-31.012 	0.049 	4.740 	
497.158 	-47.589 	60.279 	-32.967 	-25.736 	12.692 	
192.023 	-207.716 	4.979 	32.723 	12.818 	40.196 	
-3462.846 	-2735.151 	281.995 	-179.372 	-128.202 	10.040 	
535.843 	-101.034 	-82.422 	16.805 	-25.072 	-48.485 	
571.757 	190.260 	-144.467 	-23.378 	10.762 	-29.121 	
338.675 	18.566 	40.809 	-28.460 	3.999 	-29.310 	
292.811 	-11.220 	-16.249 	9.119 	11.919 	33.857 	
315.067 	-141.888 	-48.297 	-14.121 	-39.145 	42.363 	
178.441 	-203.223 	-174.472 	34.953 	10.153 	19.673 	
1350.569 	812.982 	580.943 	1.878 	11.553 	8.445 	
428.787 	-36.589 	107.745 	42.015 	33.426 	5.222 	
350.815 	-44.416 	-187.016 	-13.889 	35.816 	-15.450 	
531.700 	-209.247 	215.471 	-28.325 	-21.447 	16.346 	
-637.832 	2019.630 	1529.791 	-59.985 	124.980 	95.483 	
85.841 	-11.222 	-14.687 	34.268 	-25.925 	22.021 	
-1501.278 	7727.002 	4453.270 	-74.845 	276.782 	160.956 	
142.836 	-786.224 	164.499 	-6.522 	-8.274 	2.885 	
625.664 	-258.952 	-38.602 	15.501 	-59.662 	-13.664 	
-56.478 	-36.550 	-113.208 	25.484 	-22.922 	-1.649 	
560.501 	-224.026 	99.783 	9.578 	-10.664 	35.666 	
-278.803 	-464.537 	770.213 	-12.436 	-20.849 	22.393 	
8350.855 	-2161.298 	-2031.961 	216.584 	-61.502 	-57.552 	
-2999.780 	-169.473 	-2327.411 	-172.552 	-10.667 	-118.856 	
1150.599 	-117.765 	86.088 	21.148 	-11.454 	-17.166 	
7565.314 	215.801 	2142.899 	223.696 	6.018 	70.867 	
553.683 	88.384 	-67.129 	-7.239 	25.226 	-15.727 	
1657.513 	-4318.477 	9727.095 	28.444 	-139.475 	309.222 	
449.757 	-114.078 	8.997 	-16.516 	59.829 	18.910 	
-4314.188 	-388.950 	-939.197 	-139.840 	-10.318 	-19.757 	
288.619 	-101.175 	9.577 	17.246 	-11.106 	23.105 	
394.414 	-223.758 	-198.519 	-21.772 	-24.126 	28.786 	
339.817 	-69.830 	-71.396 	-44.407 	22.284 	28.079 	
-2942.954 	-3509.804 	5681.928 	-162.175 	-167.501 	278.137 	
-0.741 	182.751 	1325.348 	-9.401 	17.962 	55.612 	
408.391 	17.606 	-8.996 	17.238 	-26.051 	-44.360 	
-686.623 	-1938.360 	-2501.884 	-51.686 	-89.106 	-114.851 	
399.967 	-173.982 	287.057 	10.325 	2.236 	-39.456 	
142.608 	-156.778 	-6.144 	48.067 	23.003 	-3.613 	
186.980 	119.522 	71.987 	-14.311 	-4.585 	-61.279 	
-527.603 	-888.458 	825.063 	-35.649 	-40.249 	38.571 	
831.677 	451.940 	86.054 	-14.302 	8.912 	4.357 	
147.262 	-107.538 	-145.148 	6.669 	6.983 	-14.624 	
583.650 	-41.274 	22.268 	17.865 	-31.238 	-34.274 	
475.605 	-550.293 	-101.418 	14.725 	-0.429 	22.838 	
-1201.507 	-134.896 	2250.304 	-56.049 	-8.990 	67.625 	
-4298.185 	5165.040 	-7536.921 	-161.652 	162.689 	-241.218 	
569.587 	153.417 	407.489 	30.450 	13.472 	4.488 	
104.874 	48.068 	26.919 	29.261 	18.794 	15.918 	
425.977 	-152.427 	-3.685 	-5.613 	1.965 	1.822 	
602.046 	-24.767 	376.576 	73.046 	61.747 	58.279 	
474.190 	-946.375 	-75.747 	29.491 	-192.748 	-30.103 	
308.837 	-168.519 	-41.058 	-26.555 	7.861 	4.257 	
240.142 	-288.728 	190.723 	18.243 	22.082 	-11.236 	
-850.327 	-379.964 	-159.359 	-114.558 	-40.438 	-7.458 	
-8346.922 	2367.331 	-2970.343 	-289.940 	77.906 	-96.760 	
1013.378 	2973.298 	2414.540 	76.488 	411.823 	335.273 	
-287.833 	-726.230 	375.736 	-14.008 	-18.619 	14.736 	
-680.079 	424.464 	-381.745 	-35.453 	16.556 	-21.533 	
957.434 	900.312 	-689.585 	-7.760 	17.624 	-6.826 	
-411.223 	-351.601 	516.788 	-31.899 	-18.953 	23.031 	
-348.899 	158.953 	-1270.563 	-31.476 	5.093 	-58.414 	
26.710 	-739.056 	257.689 	-9.206 	-6.984 	7.919 	
-33906.538 	-18973.686 	-38365.103 	-1033.692 	-567.479 	-1146.860 	
607.032 	-55.410 	26.369 	-44.175 	1.567 	-15.943 	
502.180 	57.028 	81.227 	-15.447 	14.788 	56.210 	
-107.906 	-387.149 	-379.618 	-0.869 	-26.153 	12.348 	
-2837.754 	172.616 	142.792 	-94.065 	-1.337 	5.589 	
-2681.874 	-487.572 	-4974.601 	-105.397 	-17.208 	-157.092 	
347.100 	-107.757 	41.051 	-33.284 	-53.839 	28.735 	
360.786 	-991.505 	448.864 	14.785 	-36.789 	22.537 	
899.264 	58.948 	32.809 	34.740 	-10.792 	-7.770 	
37.491 	-1037.609 	-869.828 	-6.202 	-43.730 	-37.521 	
462.939 	-79.847 	-1.006 	44.848 	-0.568 	26.519 	
-1902.890 	735.663 	-843.717 	-73.626 	15.732 	-18.808 	
1105.190 	-154.245 	328.871 	21.594 	-8.047 	24.587 	
482.761 	5.319 	-13.465 	-19.068 	64.373 	-35.025 	
26766.433 	12357.105 	-270.341 	1283.468 	600.323 	-18.482 	
370.850 	-63.953 	-16.425 	-18.766 	-9.745 	-37.859 	
463.802 	56.173 	-92.975 	-39.559 	27.076 	-45.342 	
283.965 	169.592 	277.024 	-24.541 	-6.328 	14.948 	
-941.770 	-334.055 	-641.389 	-35.727 	-19.912 	-10.842 	
-7862.660 	-1613.857 	-481.258 	-273.887 	-51.605 	-12.415 	
-2922.150 	3938.367 	-2149.983 	-141.778 	159.915 	-88.784 	
296.649 	516.958 	-981.313 	6.550 	19.372 	-44.585 	
431.851 	72.212 	50.962 	55.392 	3.651 	12.429 	
258.362 	131.205 	-176.174 	-66.774 	18.547 	-41.539 	
292.434 	560.319 	-325.437 	19.391 	17.009 	-3.912 	
351.899 	-44.212 	-57.918 	5.693 	45.735 	50.381 	
654.477 	-286.068 	40.663 	-12.513 	31.480 	5.773 	
450.942 	-175.281 	-136.549 	-15.164 	49.966 	4.988 	
368.403 	-192.307 	-120.504 	-49.830 	-22.204 	-18.712 	
476.079 	-22.464 	75.398 	13.969 	-39.435 	4.375 	
4882.721 	2273.779 	96.401 	122.956 	63.397 	2.531 	
-488.462 	122.298 	-1133.339 	-26.275 	3.296 	-46.647 	
-24.943 	-461.581 	-345.707 	6.049 	-5.636 	11.895 	
502.947 	143.530 	-39.498 	-3.870 	-7.115 	20.466 	
336.298 	-96.596 	-490.994 	10.765 	-8.731 	13.488 	
333.809 	-30.356 	-13.034 	-39.545 	16.465 	0.957 	
-1680.116 	-2161.986 	-437.431 	-63.227 	-49.848 	-11.390 	
189.038 	-446.567 	720.144 	5.299 	-7.995 	19.809 	
176.588 	-96.961 	141.805 	3.454 	-16.085 	10.105 	
-4157.125 	-2110.229 	-493.848 	-136.948 	-54.812 	-14.454 	
270.131 	43.561 	56.656 	11.910 	10.030 	32.625 	
266.424 	1207.997 	-529.335 	4.193 	51.332 	-23.952 	
-59999.714 	-110805.260 	26618.688 	-2508.042 	-4585.819 	1099.951 	
2396.338 	4480.156 	2459.388 	108.747 	256.865 	140.927 	
7.587 	-686.671 	199.279 	8.589 	-32.478 	-11.961 	
1818.638 	2032.625 	-550.684 	41.515 	76.786 	-23.447 	
241.386 	-852.304 	-165.428 	-7.340 	-13.332 	1.415 	
10159.113 	-127.380 	1529.118 	311.862 	-2.204 	48.373 	
3131.446 	19077.968 	-5922.838 	97.251 	717.849 	-225.269 	
450.458 	-127.604 	3.004 	16.524 	-55.331 	10.627 	
348.551 	-83.624 	-20.317 	-60.969 	41.163 	-67.021 	
2316.933 	1271.428 	-4813.618 	94.681 	66.408 	-233.425 	
-1004.061 	184.236 	-587.097 	-38.805 	15.255 	-26.924 	
565.630 	-45.686 	35.987 	29.205 	17.368 	-12.548 	
649.358 	-71.299 	-181.207 	8.268 	-11.727 	-12.152 	
6749.989 	-5606.082 	33741.011 	804.821 	-703.078 	4280.348 	
-1001.422 	-825.032 	843.324 	-51.651 	-19.283 	24.647 	
49.985 	172.038 	41.748 	-3.179 	39.968 	-25.277 	
-1694.361 	-1742.234 	6.347 	-88.006 	-64.519 	0.352 	
-1267.636 	-3186.071 	-923.728 	-102.820 	-181.561 	-53.150 	
-467.437 	-56.575 	-597.607 	-31.101 	2.245 	12.198 	
4379.684 	3999.427 	2494.415 	205.208 	204.263 	124.808 	
89.860 	-661.863 	97.709 	1.845 	-9.384 	17.282 	
576.097 	30.866 	100.390 	35.727 	16.969 	-10.901 	
-2935.429 	-2029.228 	-1647.829 	-161.079 	-97.403 	-81.619 	
-1204.360 	-1895.528 	-2062.354 	-75.607 	-87.163 	-90.455 	
342.367 	-23.061 	-7.706 	-36.218 	-21.981 	-51.328 	
-80.973 	224.418 	62.182 	25.073 	16.836 	0.063 	
481.985 	-276.291 	-99.610 	15.999 	-15.449 	-15.418 	
3146.685 	5949.338 	-1935.936 	140.082 	301.960 	-99.171 	
-543.629 	269.760 	-2494.514 	-50.908 	13.643 	-137.902 	
224.557 	51.492 	-23.215 	-33.827 	24.328 	-7.251 	
206.121 	-545.630 	1599.657 	-14.531 	-6.196 	34.444 	
261.188 	59.746 	-25.340 	33.844 	18.617 	43.811 	
257.098 	-73.350 	41.119 	-21.208 	-35.041 	-21.275 	
293.561 	-328.989 	-221.604 	34.214 	-6.753 	21.304 	
436.473 	-36.443 	-103.410 	-42.468 	-1.083 	-20.236 	
407.972 	135.248 	71.821 	-3.660 	8.600 	-30.361 	
330.520 	135.785 	20.930 	-22.764 	-2.501 	-14.834 	
544.174 	80.486 	-116.157 	-0.184 	27.650 	7.441 	
794.768 	44.961 	-372.308 	7.325 	-10.005 	-20.574 	
-1268.029 	-419.159 	-362.230 	-40.435 	-12.695 	-23.884 	
502.197 	183.238 	20.111 	-32.302 	-2.830 	-2.491 	
-1043.919 	-1059.722 	-23.789 	-57.421 	-49.958 	-6.832 	
359.731 	-116.613 	83.158 	-34.438 	-11.516 	-12.632 	
390.977 	-112.898 	238.884 	16.972 	5.678 	-25.684 	
-485.147 	-1802.330 	-607.615 	-32.171 	-72.048 	-19.989 	
-10481.145 	-496.110 	-1928.935 	-358.871 	-18.769 	-60.591 	
