## Las primeras 200 lineas corresponden a la esfera 1 
##las siguienets 250 lineas a la esfera 2
## Las primeras tres columnas corresponden a la posición en 'x', 'y' y 'z', dadas en kpc, las siguientes tres a las velocidades, dadas en km/s
1626.822 	1346.417 	32.275 	47.636 	52.407 	2.510 	
1079.056 	-164.481 	-89.423 	0.519 	6.353 	1.455 	
775.411 	53.312 	242.306 	-23.689 	-4.973 	-3.073 	
-731.093 	248.082 	983.888 	-135.782 	26.649 	117.311 	
-1425.801 	606.464 	229.082 	-31.022 	11.045 	4.428 	
1230.900 	151.851 	126.399 	10.471 	3.042 	10.139 	
917.536 	-384.313 	102.595 	-6.365 	8.418 	-0.088 	
1452.784 	214.298 	413.266 	40.770 	8.842 	18.191 	
279.967 	-40.004 	38.805 	11.832 	28.968 	-25.492 	
238.537 	-68.247 	-96.929 	45.113 	-37.761 	-0.746 	
-378.032 	21.359 	-575.175 	14.072 	10.051 	-6.742 	
-876.105 	-3696.741 	-3698.949 	-25.358 	-97.928 	-97.921 	
-12950.411 	4470.916 	-1434.069 	-752.521 	251.429 	-80.918 	
1004.268 	693.457 	-497.172 	24.215 	20.230 	-6.732 	
259.458 	-88.265 	-129.913 	4.726 	-25.647 	-39.621 	
3444.074 	-1465.058 	-1114.653 	95.507 	-38.608 	-24.830 	
-85.782 	1199.355 	780.702 	1.125 	29.380 	22.643 	
310.689 	-110.551 	-16.685 	-65.857 	43.795 	20.444 	
366.198 	-54.240 	108.259 	49.825 	13.524 	-32.480 	
473.029 	584.380 	38.245 	-2.859 	3.685 	-0.011 	
1362.244 	573.232 	-142.318 	34.264 	8.439 	-0.805 	
320.785 	-640.769 	-337.285 	17.216 	-45.953 	-16.614 	
378.773 	-110.129 	9.482 	-39.095 	-23.775 	4.638 	
636.119 	897.638 	-267.227 	4.835 	43.400 	0.701 	
319.832 	-46.163 	-40.376 	26.866 	-79.883 	29.876 	
1797.366 	606.678 	-58.074 	50.767 	18.273 	-1.078 	
1084.330 	-228.396 	-59.467 	5.777 	8.070 	13.145 	
1347.917 	599.888 	76.596 	23.670 	19.666 	-9.568 	
388.308 	79.545 	-214.675 	-22.114 	0.786 	-4.798 	
127.676 	-316.263 	-266.679 	21.184 	14.940 	5.229 	
419.501 	-380.335 	57.603 	31.666 	3.394 	15.397 	
146.450 	-1248.026 	-1179.127 	-36.731 	-102.323 	-90.308 	
1565.719 	245.433 	816.069 	141.800 	15.331 	149.412 	
1695.030 	189.958 	-303.039 	41.554 	10.163 	-6.807 	
427.720 	-78.477 	-99.729 	29.056 	11.942 	-29.167 	
-94.654 	-381.285 	59.086 	9.108 	-17.397 	6.504 	
165.820 	43.859 	18.690 	-24.401 	-33.082 	-5.800 	
385.999 	512.714 	-0.016 	-22.750 	8.299 	10.783 	
292.637 	-191.189 	377.798 	13.420 	-9.050 	12.211 	
430.966 	-43.612 	39.923 	23.775 	25.731 	0.893 	
1134.442 	-331.612 	662.023 	7.905 	-9.856 	25.165 	
360.828 	-120.766 	-161.900 	-5.082 	29.737 	12.418 	
187.150 	-281.724 	-197.791 	35.924 	15.931 	38.597 	
395.500 	-144.084 	30.304 	7.001 	-22.880 	-17.145 	
1023.168 	559.930 	-361.680 	15.747 	4.355 	-4.289 	
330.352 	-122.784 	-82.272 	20.213 	21.343 	-31.484 	
3489.586 	4645.425 	-4768.187 	104.263 	136.822 	-138.230 	
457.122 	-90.530 	-52.861 	36.489 	-9.821 	-4.905 	
320.839 	-194.865 	-199.749 	13.156 	-6.807 	-18.577 	
-481.982 	-767.276 	-191.317 	9.393 	-16.143 	-8.355 	
611.882 	772.983 	36.497 	-4.722 	12.283 	-11.467 	
1588.918 	-5855.759 	-6154.647 	44.676 	-166.529 	-172.438 	
439.077 	97.314 	-112.915 	45.453 	5.333 	9.619 	
450.849 	-54.952 	-4.874 	20.184 	-36.341 	-8.776 	
6157.572 	1836.339 	-358.663 	258.966 	81.432 	-17.528 	
399.501 	-181.230 	78.507 	8.569 	22.657 	20.614 	
-30.566 	-179.727 	-49.887 	23.797 	-16.529 	15.630 	
801.905 	153.804 	80.609 	-4.078 	-8.112 	-32.916 	
-1496.200 	654.292 	340.098 	-85.729 	19.555 	7.831 	
-8351.723 	-11184.329 	3112.962 	-389.622 	-501.844 	139.344 	
600.452 	-279.890 	-22.886 	130.267 	-131.066 	-19.248 	
6532.328 	-905.326 	1428.935 	503.511 	-74.687 	121.412 	
7237.029 	-3160.501 	-4895.997 	239.832 	-106.581 	-159.249 	
374.752 	-168.790 	-141.091 	12.970 	-50.429 	-11.761 	
260.243 	678.542 	711.400 	-16.344 	20.174 	17.368 	
-6393.709 	-362.686 	-1344.532 	-554.617 	-30.687 	-105.628 	
775.978 	-1877.852 	3626.881 	23.828 	-54.500 	104.924 	
179.857 	-100.892 	-76.859 	-1.470 	35.568 	-14.658 	
708.737 	17.697 	-59.780 	-14.578 	42.961 	-39.803 	
393.052 	29.066 	88.356 	-10.193 	16.442 	54.341 	
358.331 	-54.298 	-96.264 	19.455 	21.561 	34.813 	
-30.576 	-433.135 	-647.504 	3.702 	-20.655 	-18.863 	
671.404 	459.652 	281.985 	-2.072 	-6.346 	-3.346 	
761.072 	-748.444 	-317.734 	56.676 	-110.666 	-52.586 	
-254.452 	2637.041 	244.239 	-0.310 	72.674 	5.575 	
493.149 	64.809 	148.327 	-12.192 	-6.061 	9.694 	
321.289 	-3138.353 	274.973 	-5.606 	-136.972 	9.810 	
1451.961 	1057.796 	236.726 	45.829 	45.673 	3.208 	
318.728 	149.944 	-135.048 	8.644 	32.898 	16.006 	
440.146 	-293.030 	-155.652 	0.537 	16.330 	-2.622 	
962.194 	557.220 	138.480 	19.022 	28.489 	15.449 	
-3131.264 	1183.237 	-1228.263 	-81.895 	32.434 	-33.488 	
280.618 	-699.244 	123.213 	-16.570 	-0.300 	-4.131 	
-5093.480 	3274.664 	7435.725 	-167.219 	105.676 	246.772 	
504.843 	406.165 	-312.651 	2.157 	-12.410 	4.372 	
478.543 	97.050 	-12.415 	18.648 	-16.966 	-1.484 	
-393.771 	-364.518 	-3595.474 	-6.297 	-7.616 	-98.538 	
141.114 	-240.226 	-2.471 	-42.940 	-6.463 	0.960 	
6868.378 	-643.681 	3313.288 	341.861 	-41.052 	180.550 	
403.507 	1.865 	-42.766 	10.237 	23.359 	-25.661 	
805.933 	-361.572 	-273.622 	24.113 	-29.214 	-14.735 	
202.033 	873.766 	719.828 	-22.569 	39.150 	27.706 	
-77.771 	-695.432 	192.011 	-22.722 	-38.786 	22.343 	
-274.707 	-58.188 	-868.474 	15.844 	-2.311 	-9.624 	
737.341 	323.942 	155.235 	-9.347 	-8.813 	5.370 	
1285.066 	517.640 	797.158 	37.685 	19.534 	31.887 	
371.701 	-164.614 	-13.477 	24.529 	19.731 	-7.042 	
7260.508 	-14290.527 	18765.926 	257.724 	-507.554 	669.124 	
8192.788 	-4387.394 	-5065.175 	353.175 	-199.977 	-230.172 	
297.861 	-13.792 	-11.300 	28.616 	1.033 	0.508 	
1496.024 	578.534 	-538.769 	33.777 	14.540 	-18.368 	
222.901 	-289.089 	-225.144 	-27.459 	21.057 	-30.895 	
379.465 	208.866 	73.170 	-44.275 	-12.091 	2.471 	
251.590 	-57.817 	-42.543 	-3.903 	31.239 	-21.212 	
5708.370 	490.078 	121.043 	173.957 	11.380 	2.125 	
857.610 	686.676 	220.135 	12.841 	18.478 	-1.235 	
853.529 	-600.023 	199.596 	-12.077 	-28.261 	11.135 	
-623.980 	6914.600 	808.302 	-19.205 	188.662 	22.946 	
-965.752 	-509.762 	-56.564 	-50.729 	-11.874 	4.039 	
131.249 	-122.600 	-163.516 	-25.079 	-8.522 	-11.591 	
60.917 	-31.462 	22.477 	-9.525 	-3.706 	41.760 	
257.417 	-73.084 	-92.870 	43.655 	6.794 	13.056 	
969.792 	-548.504 	581.380 	13.227 	-17.609 	16.383 	
421.465 	-43.648 	-29.391 	31.686 	-64.825 	14.470 	
583.317 	642.754 	88.478 	2.392 	7.099 	-7.658 	
146.788 	633.480 	-192.142 	-38.311 	105.844 	-29.405 	
623.753 	-75.711 	566.820 	-23.009 	-1.963 	12.828 	
3753.005 	1542.948 	2212.300 	152.246 	69.230 	100.632 	
2081.972 	559.626 	-257.898 	60.441 	23.691 	-11.388 	
504.879 	-56.662 	67.573 	-8.590 	-15.207 	23.209 	
1408.653 	463.279 	93.073 	18.135 	11.879 	-1.872 	
57263.830 	-30235.738 	-2717.248 	1665.270 	-877.333 	-79.981 	
502.230 	-116.083 	-299.394 	13.239 	-17.777 	-31.657 	
1413.897 	1030.215 	458.110 	33.634 	45.218 	17.579 	
-2484.155 	5489.798 	5314.773 	-131.902 	248.211 	240.839 	
17835.234 	6325.355 	-15507.693 	524.914 	185.464 	-457.102 	
222.705 	-117.951 	-16.873 	59.298 	-10.533 	-7.112 	
1241.030 	1791.112 	-1779.807 	35.240 	42.468 	-38.739 	
383.495 	-143.824 	-15.556 	-5.514 	24.559 	-37.376 	
355.380 	-256.865 	-246.479 	7.474 	7.663 	-13.718 	
-157.205 	-498.837 	-563.114 	-40.628 	-12.611 	-60.739 	
12851.787 	-4373.020 	1156.628 	701.123 	-246.628 	65.079 	
2057.880 	1109.797 	155.473 	66.394 	32.948 	15.938 	
560.630 	-29.849 	605.655 	0.545 	-7.453 	-0.183 	
943.721 	229.218 	106.780 	-5.834 	3.168 	3.922 	
-118.744 	-106.071 	-8.918 	-37.657 	-14.443 	-1.030 	
-4318.496 	11183.050 	-18529.341 	-155.083 	400.624 	-660.493 	
7012.159 	1857.076 	13397.267 	228.702 	62.878 	440.729 	
376.789 	318.379 	-123.774 	9.749 	-0.931 	1.692 	
323.381 	-82.807 	-313.507 	12.185 	-5.356 	15.929 	
1138.167 	-275.550 	-124.911 	6.627 	6.902 	-2.318 	
93.597 	-209.673 	75.564 	-36.763 	-8.806 	30.290 	
2690.691 	-19.919 	-808.031 	97.142 	0.692 	-33.187 	
357.957 	464.907 	224.173 	-1.659 	-9.849 	-3.161 	
526.155 	-261.779 	4.423 	38.233 	17.159 	0.775 	
386.103 	-114.422 	-28.033 	46.281 	36.497 	21.898 	
799.133 	-23.557 	470.229 	-12.935 	-11.258 	30.384 	
1382.932 	522.442 	-313.916 	31.439 	17.750 	-6.435 	
199.298 	-141.134 	-94.610 	5.596 	18.246 	-23.603 	
432.087 	-323.235 	585.436 	-19.663 	-1.415 	9.524 	
358.759 	48.015 	-48.444 	17.731 	17.665 	9.745 	
-833.938 	3207.972 	2557.530 	-57.492 	140.082 	113.482 	
1876.929 	225.468 	48.517 	53.454 	10.645 	-2.560 	
1413.886 	359.767 	1.721 	20.190 	15.583 	0.710 	
417.821 	-539.324 	-639.252 	23.663 	-44.155 	-63.751 	
1666.045 	435.874 	-67.945 	34.257 	14.408 	-7.959 	
1140.311 	1580.095 	-1083.643 	28.288 	30.822 	-19.040 	
111.924 	87.531 	-129.387 	2.094 	-39.213 	5.031 	
-3881.648 	1411.822 	2282.845 	-106.255 	36.431 	63.141 	
-5588.042 	-1895.324 	-9523.931 	-186.101 	-60.616 	-313.471 	
1089.630 	131.387 	773.387 	12.649 	10.735 	19.386 	
768.880 	219.008 	424.933 	3.143 	3.952 	-11.883 	
928.419 	441.432 	-291.428 	16.030 	0.187 	-0.644 	
224.094 	-167.820 	-18.386 	-19.113 	-36.784 	3.563 	
76.961 	1671.289 	853.563 	8.088 	36.535 	21.217 	
792.277 	218.891 	-34.467 	16.081 	-37.624 	-10.004 	
533.940 	-7.197 	-16.455 	29.571 	8.140 	12.819 	
372.303 	-66.349 	58.707 	-8.314 	22.612 	12.004 	
188.476 	-151.494 	91.731 	36.499 	10.835 	-9.524 	
733.956 	42.314 	74.795 	-25.969 	-25.577 	-9.743 	
470.019 	206.944 	209.780 	-25.125 	-18.973 	-10.090 	
1084.255 	123.093 	1248.137 	23.548 	6.078 	48.370 	
465.098 	22.971 	145.029 	-25.525 	-55.526 	11.409 	
523.507 	14.849 	67.490 	20.592 	-3.433 	36.366 	
1307.027 	588.094 	-367.830 	28.653 	12.111 	0.443 	
-96.068 	1200.851 	-574.384 	-15.392 	44.613 	-19.565 	
-25.362 	-206.936 	-142.785 	15.257 	-10.371 	-19.309 	
695.941 	368.305 	396.933 	-11.293 	13.490 	3.810 	
504.003 	-142.895 	-111.613 	-36.835 	45.542 	11.011 	
-17272.082 	-5991.980 	16361.480 	-510.364 	-177.708 	482.534 	
-383.785 	-887.194 	-391.551 	-51.719 	-56.827 	-30.710 	
-153.644 	-305.039 	-72.488 	15.331 	-6.917 	-2.892 	
387.375 	-195.671 	163.987 	13.892 	-19.406 	-46.669 	
450.531 	-77.277 	72.375 	-13.688 	-8.442 	-20.802 	
-6338.855 	1184.773 	-2058.029 	-373.510 	57.397 	-110.133 	
313.189 	-66.989 	-93.386 	-29.352 	-40.232 	-21.077 	
179.746 	-238.891 	-48.407 	-45.024 	-23.966 	12.470 	
25.993 	32.872 	-7.181 	8.202 	-18.583 	-4.898 	
532.751 	-376.094 	-225.882 	12.876 	-13.557 	-6.938 	
-528.178 	-2428.887 	4766.738 	-12.555 	-68.737 	137.902 	
1025.458 	340.370 	242.583 	13.368 	-3.722 	17.475 	
706.251 	1135.651 	-229.263 	8.098 	50.159 	-14.555 	
685.782 	-189.154 	83.406 	-12.008 	28.279 	27.101 	
686.579 	100.029 	143.254 	-35.386 	3.616 	3.946 	
1593.225 	910.513 	336.594 	58.719 	15.748 	4.637 	
-2144.397 	-1665.247 	2069.260 	-117.923 	-75.503 	94.307 	
354.196 	-137.857 	-31.015 	32.347 	31.622 	11.983 	
894.966 	236.148 	-43.961 	-69.557 	10.824 	-114.887 	
-56840.056 	30659.005 	-3189.078 	-1650.384 	892.128 	-93.690 	
1216.212 	524.060 	108.597 	27.308 	0.377 	-1.893 	
-707.134 	-115.167 	195.093 	-35.727 	2.213 	-3.056 	
274.384 	141.808 	156.239 	-66.351 	119.960 	83.868 	
2068.167 	-957.928 	-608.927 	95.819 	-50.733 	-29.216 	
858.015 	-194.784 	188.326 	3.677 	15.247 	-15.594 	
328.517 	-391.591 	-361.212 	10.063 	23.538 	1.380 	
-9474.670 	3204.856 	3156.386 	-285.423 	88.467 	87.674 	
-30357.342 	-13857.446 	-1761.445 	-1427.283 	-644.144 	-86.996 	
1261.636 	168.633 	1702.680 	60.782 	20.638 	84.697 	
-14.066 	-874.036 	-128.427 	2.252 	-22.485 	7.440 	
398.604 	-216.112 	81.547 	3.160 	-10.532 	-22.402 	
277.441 	-144.078 	16.816 	20.680 	-3.156 	-16.100 	
-3189.157 	-19986.336 	5154.903 	-135.583 	-724.965 	184.670 	
447.437 	64.150 	-19.289 	-24.790 	-29.435 	8.241 	
63031.013 	114993.558 	-28030.743 	2486.957 	4580.901 	-1118.272 	
499.587 	1157.674 	-503.794 	-13.547 	8.787 	-5.177 	
471.049 	-85.584 	749.359 	-9.796 	-11.450 	-2.229 	
871.644 	129.865 	33.344 	68.734 	0.747 	6.617 	
462.037 	-135.848 	84.034 	-10.352 	17.965 	-18.103 	
309.466 	-112.460 	169.630 	-13.536 	24.852 	6.507 	
340.379 	-347.253 	-415.818 	-8.826 	21.756 	-5.389 	
55.509 	-295.151 	215.721 	14.597 	14.603 	-7.681 	
517.666 	-10.846 	47.463 	27.184 	7.530 	-44.148 	
446.218 	-127.702 	92.859 	-13.716 	35.444 	45.918 	
-1570.873 	-1835.410 	1973.077 	-79.805 	-72.607 	68.812 	
679.281 	-803.370 	-237.691 	13.307 	-15.554 	2.106 	
-249.694 	-175.607 	-402.375 	-35.215 	-17.036 	-21.881 	
-6.880 	1774.882 	1696.802 	-20.265 	66.849 	64.981 	
391.677 	-16.711 	112.430 	-14.497 	-35.320 	50.224 	
965.712 	-143.509 	195.306 	4.080 	-0.351 	14.622 	
720.022 	-288.922 	-127.296 	11.671 	-19.731 	-6.841 	
381.687 	-57.722 	-65.116 	50.144 	46.824 	-15.833 	
422.533 	-9.048 	-60.334 	9.502 	-8.942 	36.162 	
284.006 	-552.506 	-145.035 	9.107 	11.825 	14.451 	
590.524 	-115.525 	42.586 	-45.287 	1.930 	8.915 	
-266.105 	-838.616 	-1035.500 	-12.670 	-31.201 	-53.916 	
1156.416 	100.614 	113.427 	2.646 	15.527 	5.409 	
789.862 	295.232 	49.521 	13.979 	-18.720 	6.487 	
471.858 	200.505 	139.420 	-18.700 	36.885 	27.124 	
-1344.482 	920.557 	-317.041 	-66.511 	34.984 	-12.196 	
466.213 	-90.771 	68.878 	23.768 	-38.244 	57.267 	
-477.827 	-4013.363 	-2847.980 	-113.772 	-484.174 	-342.142 	
469.355 	84.594 	127.282 	42.925 	-7.411 	30.757 	
1880.584 	-264.628 	401.789 	17.581 	2.344 	8.303 	
613.693 	635.748 	763.694 	16.305 	16.083 	15.539 	
2135.152 	-5597.551 	-258.009 	52.825 	-192.039 	-7.368 	
-2860.629 	-2046.348 	-4836.509 	-247.586 	-150.491 	-372.439 	
205.161 	-792.695 	655.662 	2.674 	-14.286 	21.439 	
684.254 	-67.941 	-192.316 	26.217 	12.877 	-23.013 	
290.010 	-38.155 	-1.972 	-7.818 	-17.839 	-8.021 	
2352.810 	-1324.939 	-3896.412 	52.060 	-43.178 	-123.112 	
4705.717 	2417.440 	5363.919 	331.129 	190.773 	407.081 	
-165.669 	-1274.976 	733.959 	-22.877 	-51.450 	22.294 	
294.673 	42.814 	22.046 	-33.849 	-20.500 	-32.848 	
433.209 	110.747 	-107.032 	-23.675 	-37.174 	21.967 	
-187.708 	-292.637 	-207.861 	0.316 	-0.407 	12.293 	
389.089 	-105.413 	-11.645 	-1.047 	-45.066 	44.525 	
605.093 	-341.103 	-215.572 	18.010 	30.651 	-2.882 	
3739.178 	-2237.397 	2563.686 	177.645 	-113.504 	134.505 	
-647.187 	-431.780 	1300.150 	-39.017 	-19.770 	55.202 	
545.722 	-77.183 	-155.962 	24.445 	30.638 	37.785 	
322.489 	-312.809 	-396.706 	17.700 	15.493 	-0.807 	
3514.183 	-6792.105 	2429.134 	120.173 	-273.657 	96.933 	
360.962 	-50.424 	-100.586 	76.212 	23.841 	36.329 	
268.559 	-438.162 	215.427 	35.392 	-2.215 	21.624 	
691.429 	59.924 	48.391 	-10.007 	-19.167 	-5.811 	
-632.001 	-837.568 	-51.790 	-3.650 	-20.023 	4.880 	
33.248 	3747.362 	2361.769 	-21.591 	143.135 	92.589 	
-23.892 	-186.208 	-75.829 	-17.107 	-15.454 	-11.199 	
200.161 	-193.784 	-346.252 	19.720 	-26.904 	16.601 	
-1623.828 	-3173.052 	-503.572 	-70.835 	-86.060 	-12.636 	
-68.392 	-581.248 	1111.094 	-11.996 	-18.187 	37.148 	
32113.719 	18600.453 	38901.565 	912.345 	539.481 	1128.938 	
8979.617 	9523.162 	-2481.779 	387.269 	426.356 	-111.412 	
464.455 	-54.453 	-9.092 	39.291 	-52.447 	12.275 	
-127.943 	-299.768 	425.903 	0.144 	-11.059 	2.370 	
971.021 	-561.470 	2086.336 	30.750 	-27.204 	101.167 	
11265.567 	3286.885 	3160.191 	329.241 	100.650 	98.460 	
130.526 	-177.872 	13.123 	-20.304 	0.275 	1.979 	
550.827 	146.755 	-139.057 	-39.662 	-4.799 	-15.264 	
1709.601 	-541.413 	-1513.664 	152.340 	-64.982 	-176.872 	
312.754 	-176.827 	-58.103 	-33.872 	-5.924 	11.126 	
458.070 	-33.918 	69.956 	-17.872 	-32.113 	-31.924 	
-3147.423 	-5461.784 	-3618.413 	-115.767 	-162.626 	-107.025 	
108.893 	-292.547 	520.491 	6.548 	-15.727 	4.109 	
-731.266 	-294.781 	-137.958 	-38.630 	-13.041 	-11.669 	
-6625.324 	6358.221 	-37093.787 	-802.343 	732.770 	-4232.891 	
396.762 	-94.394 	-45.558 	23.831 	5.035 	-4.402 	
122.659 	927.438 	216.094 	-38.191 	180.672 	29.198 	
-63.501 	-475.247 	-337.619 	2.479 	-12.267 	2.071 	
-407.573 	1052.277 	-5330.316 	-33.728 	50.922 	-257.146 	
187.042 	136.222 	-1040.116 	6.122 	10.359 	-38.290 	
288.476 	-159.589 	-30.726 	-36.316 	47.718 	-31.236 	
657.992 	8.115 	280.344 	-4.064 	11.093 	26.476 	
725.407 	-475.850 	153.034 	-23.306 	12.679 	-5.858 	
403.366 	-156.367 	245.324 	-37.727 	-18.521 	-10.645 	
-2063.591 	-1715.157 	-2812.186 	-128.583 	-88.182 	-165.210 	
1154.541 	260.798 	-874.802 	66.981 	22.781 	-79.039 	
-751.137 	-470.983 	107.941 	-30.312 	-18.496 	-7.257 	
561.354 	-162.771 	-116.542 	0.043 	8.795 	15.146 	
324.551 	173.274 	-185.370 	-30.139 	-5.072 	9.131 	
463.878 	-67.470 	68.935 	-39.960 	-20.496 	7.202 	
223.671 	-193.221 	40.138 	36.688 	19.239 	36.051 	
-3627.791 	-2853.041 	291.225 	-179.316 	-128.161 	10.032 	
548.214 	-123.797 	-125.295 	10.189 	-24.637 	-44.697 	
549.225 	197.744 	-169.574 	-25.605 	5.608 	-25.471 	
313.444 	19.006 	11.100 	-27.104 	-4.032 	-35.142 	
302.279 	-12.463 	13.183 	12.329 	-10.013 	24.409 	
305.350 	-168.131 	-19.178 	-13.988 	-25.386 	27.073 	
212.420 	-192.347 	-154.283 	38.953 	13.658 	24.336 	
1352.126 	823.433 	588.519 	1.511 	11.174 	8.034 	
468.010 	-6.747 	106.077 	42.246 	30.593 	-8.389 	
338.422 	-12.672 	-196.713 	-12.899 	33.134 	-5.917 	
504.505 	-227.569 	228.502 	-30.743 	-18.350 	11.967 	
-692.967 	2134.515 	1617.564 	-59.912 	124.851 	95.387 	
118.363 	-36.701 	5.563 	37.601 	-28.542 	21.856 	
-1570.112 	7981.555 	4601.299 	-74.841 	276.765 	160.946 	
136.901 	-793.011 	166.966 	-6.394 	-6.483 	2.482 	
638.225 	-312.130 	-50.794 	11.813 	-55.879 	-12.827 	
-31.249 	-58.119 	-114.076 	29.412 	-23.959 	-0.233 	
567.560 	-231.917 	131.096 	5.872 	-6.585 	32.385 	
-290.004 	-483.587 	790.490 	-11.925 	-20.578 	21.708 	
8550.041 	-2217.860 	-2084.890 	216.564 	-61.497 	-57.547 	
-3158.446 	-179.283 	-2436.701 	-172.482 	-10.667 	-118.805 	
1169.236 	-128.146 	70.203 	19.383 	-11.127 	-17.379 	
7771.038 	221.334 	2208.073 	223.668 	6.016 	70.858 	
544.240 	109.643 	-81.306 	-13.212 	20.793 	-15.838 	
1683.673 	-4446.752 	10011.486 	28.442 	-139.469 	309.209 	
431.555 	-56.669 	25.561 	-21.604 	65.313 	17.971 	
-4442.771 	-398.439 	-957.362 	-139.775 	-10.316 	-19.745 	
307.438 	-110.403 	27.942 	23.428 	-9.303 	16.294 	
373.619 	-243.807 	-169.573 	-23.367 	-19.180 	33.886 	
303.420 	-56.173 	-44.479 	-34.831 	11.915 	23.917 	
-3092.104 	-3663.851 	5937.725 	-162.163 	-167.488 	278.115 	
-9.313 	199.221 	1376.246 	-9.242 	17.852 	55.077 	
420.475 	-14.427 	-50.429 	7.265 	-40.828 	-46.246 	
-734.147 	-2020.278 	-2607.466 	-51.658 	-89.034 	-114.748 	
409.820 	-169.797 	247.300 	10.479 	9.513 	-47.836 	
191.012 	-135.366 	-9.440 	57.780 	24.378 	-4.288 	
175.786 	112.615 	14.412 	-10.005 	-10.652 	-63.542 	
-560.237 	-925.327 	860.381 	-35.320 	-39.930 	38.234 	
818.060 	459.328 	90.016 	-15.308 	7.152 	4.252 	
158.583 	-109.525 	-161.135 	12.869 	-6.727 	-16.700 	
595.714 	-70.800 	-1.052 	6.467 	-30.460 	-19.431 	
488.819 	-549.344 	-80.272 	14.008 	2.497 	23.133 	
-1253.010 	-143.164 	2312.429 	-55.947 	-8.989 	67.473 	
-4446.856 	5314.664 	-7758.767 	-161.645 	162.681 	-241.206 	
597.356 	165.234 	410.439 	29.936 	12.220 	1.960 	
134.468 	63.851 	40.584 	35.496 	15.420 	13.534 	
417.921 	-145.254 	-1.243 	-13.097 	13.188 	3.053 	
668.715 	31.972 	428.848 	71.945 	61.590 	55.513 	
501.212 	-1123.080 	-103.400 	29.284 	-191.572 	-30.027 	
294.029 	-153.646 	-33.819 	-9.258 	15.520 	16.760 	
257.782 	-266.816 	178.765 	20.154 	25.659 	-14.857 	
-955.359 	-417.128 	-166.124 	-113.859 	-40.390 	-7.249 	
-8613.576 	2438.980 	-3059.332 	-289.923 	77.900 	-96.754 	
1083.718 	3352.026 	2722.869 	76.472 	411.758 	335.218 	
-300.381 	-743.039 	389.070 	-13.286 	-17.941 	14.262 	
-712.414 	439.528 	-401.457 	-34.869 	16.206 	-21.335 	
950.186 	916.274 	-695.641 	-7.999 	17.090 	-6.347 	
-440.173 	-368.941 	537.699 	-31.065 	-18.756 	22.450 	
-377.765 	163.582 	-1324.031 	-31.297 	4.974 	-57.863 	
18.475 	-744.714 	264.344 	-8.691 	-5.361 	6.532 	
-34857.240 	-19495.604 	-39419.886 	-1033.692 	-567.478 	-1146.859 	
560.548 	-50.810 	6.542 	-52.976 	6.752 	-24.262 	
485.224 	67.904 	132.043 	-21.045 	9.261 	55.165 	
-107.891 	-411.044 	-367.635 	0.921 	-25.804 	13.712 	
-2924.204 	171.381 	147.927 	-93.928 	-1.349 	5.578 	
-2778.799 	-503.398 	-5119.063 	-105.374 	-17.207 	-157.052 	
319.408 	-154.243 	64.056 	-27.179 	-45.676 	21.262 	
374.348 	-1024.913 	469.377 	14.706 	-35.872 	22.075 	
929.826 	49.059 	25.750 	31.759 	-10.684 	-7.591 	
31.844 	-1077.609 	-904.148 	-6.082 	-43.260 	-37.114 	
498.033 	-78.776 	24.807 	31.985 	3.542 	29.460 	
-1970.520 	750.098 	-860.981 	-73.441 	15.660 	-18.734 	
1124.401 	-161.469 	351.094 	20.199 	-7.667 	23.747 	
461.953 	61.597 	-44.013 	-26.020 	58.806 	-30.745 	
27946.856 	12909.230 	-287.339 	1283.466 	600.322 	-18.482 	
353.724 	-74.459 	-53.707 	-17.412 	-11.942 	-41.798 	
425.693 	79.478 	-131.551 	-42.618 	25.035 	-37.699 	
262.059 	162.719 	289.273 	-23.081 	-8.585 	11.682 	
-974.400 	-352.327 	-651.226 	-35.234 	-19.822 	-10.551 	
-8114.548 	-1661.316 	-492.676 	-273.864 	-51.599 	-12.414 	
-3052.533 	4085.427 	-2231.630 	-141.751 	159.880 	-88.766 	
302.703 	534.590 	-1021.994 	6.614 	18.974 	-43.888 	
482.011 	71.878 	61.330 	53.292 	-4.143 	10.178 	
198.376 	146.492 	-212.596 	-63.825 	14.890 	-37.829 	
310.421 	575.277 	-328.595 	19.713 	15.528 	-2.966 	
355.994 	-6.120 	-9.915 	3.391 	36.808 	52.241 	
641.317 	-255.397 	45.452 	-16.249 	35.148 	4.601 	
435.004 	-127.300 	-128.858 	-19.632 	54.358 	12.185 	
322.630 	-208.914 	-135.085 	-49.146 	-14.197 	-13.351 	
487.644 	-58.754 	75.712 	8.157 	-40.969 	-6.742 	
4995.782 	2332.073 	98.728 	122.906 	63.368 	2.530 	
-512.444 	125.287 	-1176.047 	-25.881 	3.207 	-46.231 	
-19.966 	-466.165 	-334.212 	4.849 	-4.381 	13.010 	
497.483 	133.335 	-19.869 	-8.174 	-15.238 	22.037 	
346.239 	-104.687 	-477.045 	10.847 	-8.859 	16.875 	
305.595 	-17.399 	-16.737 	-32.978 	10.483 	-4.331 	
-1738.216 	-2207.778 	-447.894 	-63.117 	-49.729 	-11.363 	
194.033 	-453.662 	737.808 	5.560 	-7.438 	18.610 	
181.952 	-111.799 	148.426 	8.207 	-16.135 	4.247 	
-4283.051 	-2160.629 	-507.139 	-136.890 	-54.787 	-14.449 	
284.313 	50.126 	83.561 	18.349 	4.323 	25.549 	
270.343 	1254.940 	-551.244 	4.328 	50.754 	-23.692 	
-62306.397 	-115022.905 	27630.329 	-2508.042 	-4585.819 	1099.951 	
2496.346 	4716.379 	2588.990 	108.729 	256.824 	140.905 	
15.736 	-716.004 	188.114 	9.153 	-31.301 	-12.246 	
1856.766 	2103.160 	-572.224 	41.398 	76.601 	-23.395 	
234.702 	-863.865 	-163.972 	-7.199 	-11.817 	1.747 	
10445.929 	-129.407 	1573.606 	311.845 	-2.204 	48.370 	
3220.889 	19738.183 	-6130.021 	97.251 	717.846 	-225.267 	
460.685 	-173.639 	12.886 	6.479 	-45.162 	10.477 	
296.709 	-37.167 	-78.808 	-51.102 	58.721 	-52.098 	
2404.004 	1332.499 	-5028.281 	94.662 	66.395 	-233.379 	
-1039.528 	198.206 	-611.761 	-38.325 	15.126 	-26.712 	
590.554 	-31.957 	21.166 	22.774 	11.722 	-18.892 	
660.433 	-83.372 	-187.373 	14.163 	-12.104 	-4.181 	
7490.195 	-6252.714 	37677.710 	804.820 	-703.078 	4280.347 	
-1048.775 	-842.690 	865.896 	-51.324 	-19.118 	24.440 	
48.444 	207.452 	18.219 	-0.240 	37.076 	-25.806 	
-1775.230 	-1801.518 	6.665 	-87.853 	-64.399 	0.340 	
-1362.184 	-3353.009 	-972.594 	-102.783 	-181.461 	-53.114 	
-495.562 	-54.478 	-586.097 	-30.077 	2.297 	12.814 	
4568.405 	4187.278 	2609.195 	205.182 	204.236 	124.791 	
91.815 	-669.834 	113.589 	2.399 	-7.980 	17.247 	
605.917 	45.161 	88.631 	29.375 	14.107 	-14.439 	
-3083.544 	-2118.792 	-1722.880 	-161.012 	-97.363 	-81.585 	
-1273.866 	-1975.656 	-2145.507 	-75.540 	-87.085 	-90.370 	
302.512 	-46.246 	-52.571 	-39.323 	-27.448 	-46.068 	
-56.807 	239.104 	61.997 	27.491 	15.084 	-0.477 	
495.328 	-287.946 	-112.995 	13.046 	-10.027 	-13.683 	
3275.514 	6227.042 	-2027.141 	140.069 	301.931 	-99.162 	
-590.422 	282.295 	-2621.264 	-50.850 	13.616 	-137.731 	
196.656 	71.241 	-28.973 	-27.478 	18.697 	-5.156 	
192.774 	-551.271 	1631.139 	-14.494 	-6.072 	34.020 	
294.818 	72.499 	15.395 	39.488 	8.434 	44.612 	
242.894 	-105.313 	18.772 	-10.375 	-34.721 	-27.665 	
325.192 	-332.980 	-200.720 	34.629 	-1.864 	24.000 	
394.727 	-38.514 	-116.350 	-47.939 	-4.164 	-7.602 	
405.149 	139.500 	42.655 	-2.584 	0.880 	-32.871 	
310.834 	129.476 	6.960 	-20.092 	-11.254 	-15.475 	
542.015 	104.743 	-106.434 	-4.421 	25.240 	14.155 	
800.750 	35.577 	-390.350 	5.697 	-10.394 	-18.665 	
-1305.000 	-430.797 	-384.148 	-39.964 	-12.614 	-23.778 	
471.368 	177.152 	17.438 	-34.545 	-10.545 	-3.356 	
-1096.560 	-1105.540 	-30.074 	-57.057 	-49.681 	-6.835 	
329.091 	-125.656 	65.165 	-32.452 	-9.166 	-26.121 	
406.877 	-108.051 	212.332 	17.352 	4.880 	-32.134 	
-514.680 	-1868.463 	-625.954 	-32.053 	-71.767 	-19.894 	
-10811.198 	-513.372 	-1984.660 	-358.857 	-18.769 	-60.588 	
