## Las primeras 200 lineas corresponden a la esfera 1 
##las siguienets 250 lineas a la esfera 2
## Las primeras tres columnas corresponden a la posición en 'x', 'y' y 'z', dadas en kpc, las siguientes tres a las velocidades, dadas en km/s
1685.030 	1410.381 	35.368 	47.301 	51.922 	2.535 	
1078.412 	-156.996 	-86.963 	-1.554 	5.887 	2.568 	
744.151 	46.789 	236.835 	-27.337 	-5.688 	-5.870 	
-897.328 	280.666 	1127.495 	-135.354 	26.501 	116.919 	
-1463.675 	619.951 	234.566 	-30.747 	10.945 	4.497 	
1242.308 	155.246 	138.589 	8.139 	2.512 	9.731 	
908.266 	-372.888 	102.173 	-8.770 	10.215 	-0.620 	
1502.125 	225.058 	435.237 	39.717 	8.709 	17.648 	
303.139 	-6.206 	-3.038 	20.701 	24.570 	-42.080 	
306.356 	-111.992 	-91.443 	59.970 	-31.805 	6.223 	
-360.179 	33.417 	-582.887 	15.057 	9.624 	-5.829 	
-907.191 	-3816.799 	-3818.994 	-25.343 	-97.881 	-97.867 	
-13873.211 	4779.238 	-1533.296 	-752.511 	251.425 	-80.916 	
1033.638 	717.710 	-504.937 	23.688 	19.334 	-5.947 	
269.321 	-118.608 	-169.122 	10.904 	-23.962 	-24.855 	
3561.114 	-1512.362 	-1145.072 	95.379 	-38.544 	-24.782 	
-84.249 	1235.067 	808.264 	1.373 	28.868 	22.311 	
236.322 	-56.241 	5.208 	-53.117 	43.859 	13.918 	
429.408 	-39.314 	59.865 	52.347 	8.942 	-46.175 	
469.519 	587.276 	38.171 	-2.866 	1.056 	-0.104 	
1403.706 	583.127 	-143.165 	33.365 	7.711 	-0.578 	
341.920 	-695.687 	-356.814 	17.242 	-43.677 	-15.271 	
336.225 	-136.518 	6.767 	-31.322 	-17.705 	-8.082 	
641.945 	950.127 	-266.108 	4.669 	42.223 	1.111 	
352.336 	-144.381 	-3.566 	26.848 	-77.851 	33.124 	
1859.118 	628.834 	-59.374 	49.960 	17.869 	-1.044 	
1090.143 	-217.570 	-43.556 	3.684 	9.563 	12.791 	
1376.352 	623.340 	64.776 	22.721 	18.589 	-9.706 	
361.304 	77.598 	-215.016 	-21.852 	-3.930 	4.388 	
155.968 	-295.791 	-258.010 	25.192 	18.741 	8.928 	
457.782 	-372.145 	75.433 	30.658 	9.948 	13.651 	
101.427 	-1373.250 	-1289.605 	-36.697 	-101.920 	-89.890 	
1739.231 	264.180 	998.983 	141.219 	15.248 	148.932 	
1745.447 	202.444 	-311.170 	40.683 	10.199 	-6.458 	
457.080 	-64.290 	-126.675 	18.654 	10.914 	-13.859 	
-81.805 	-401.371 	66.543 	11.832 	-15.344 	5.658 	
140.777 	1.547 	10.572 	-16.049 	-36.185 	-7.593 	
358.526 	521.106 	13.277 	-22.041 	5.391 	10.876 	
309.798 	-201.505 	389.896 	14.522 	-7.770 	7.556 	
454.102 	-20.610 	35.253 	14.119 	13.112 	-6.104 	
1143.565 	-343.420 	692.293 	6.985 	-9.408 	24.210 	
354.294 	-82.655 	-137.159 	-5.951 	32.129 	29.611 	
233.973 	-258.834 	-148.966 	40.459 	22.070 	41.482 	
401.072 	-159.773 	2.326 	0.860 	-0.797 	-25.024 	
1041.949 	564.684 	-366.468 	14.887 	3.404 	-3.523 	
355.264 	-90.587 	-112.480 	18.359 	31.040 	-17.566 	
3617.433 	4813.193 	-4937.681 	104.247 	136.798 	-138.205 	
493.669 	-98.997 	-53.472 	22.927 	-4.112 	4.133 	
337.798 	-201.002 	-216.872 	14.226 	-3.303 	-9.684 	
-469.938 	-786.627 	-201.427 	10.244 	-15.418 	-8.132 	
605.913 	786.790 	22.455 	-5.007 	10.251 	-11.429 	
1643.701 	-6059.959 	-6366.092 	44.671 	-166.509 	-172.417 	
489.034 	100.469 	-95.342 	38.442 	-0.521 	17.954 	
474.055 	-101.104 	-14.321 	13.038 	-38.506 	-5.632 	
6475.105 	1936.186 	-380.154 	258.912 	81.414 	-17.522 	
409.509 	-147.854 	97.794 	7.904 	31.742 	10.463 	
1.630 	-199.557 	-33.159 	28.667 	-15.532 	12.645 	
794.852 	142.725 	39.674 	-7.512 	-9.905 	-33.755 	
-1601.023 	678.132 	349.549 	-85.243 	19.337 	7.604 	
-8829.507 	-11799.728 	3283.836 	-389.616 	-501.836 	139.341 	
757.556 	-438.243 	-48.065 	126.119 	-127.256 	-21.044 	
7149.749 	-996.908 	1577.815 	503.467 	-74.678 	121.403 	
7531.120 	-3291.195 	-5091.273 	239.814 	-106.573 	-159.234 	
388.939 	-226.456 	-150.738 	10.193 	-44.010 	-4.530 	
240.359 	702.828 	732.160 	-16.087 	19.440 	16.502 	
-7073.802 	-400.316 	-1474.058 	-554.575 	-30.685 	-105.620 	
805.190 	-1944.652 	3755.485 	23.815 	-54.449 	104.823 	
186.028 	-58.469 	-92.478 	11.302 	33.410 	-10.625 	
687.158 	69.362 	-107.064 	-20.476 	41.097 	-37.201 	
382.012 	43.950 	149.442 	-7.907 	8.526 	45.065 	
397.758 	-26.069 	-51.883 	37.008 	20.105 	39.565 	
-25.649 	-458.048 	-669.600 	4.323 	-19.972 	-17.208 	
668.455 	450.413 	277.088 	-2.745 	-8.728 	-4.628 	
829.976 	-883.321 	-381.702 	55.768 	-109.350 	-51.797 	
-254.796 	2726.018 	251.066 	-0.251 	72.444 	5.559 	
468.326 	63.845 	151.928 	-22.122 	0.514 	1.009 	
314.411 	-3306.203 	286.990 	-5.611 	-136.785 	9.790 	
1507.911 	1113.395 	240.648 	45.426 	45.019 	3.186 	
330.827 	185.708 	-113.792 	10.898 	25.210 	18.598 	
439.339 	-268.833 	-156.268 	-2.067 	23.062 	1.699 	
984.792 	591.242 	157.236 	17.856 	27.035 	15.141 	
-3231.621 	1222.982 	-1269.304 	-81.783 	32.388 	-33.448 	
260.243 	-698.114 	117.791 	-16.655 	2.133 	-4.697 	
-5298.532 	3404.249 	7738.328 	-167.207 	105.669 	246.755 	
507.178 	389.384 	-306.027 	1.642 	-14.984 	6.448 	
497.731 	72.171 	-14.414 	12.354 	-23.236 	-1.205 	
-401.479 	-373.851 	-3716.225 	-6.274 	-7.606 	-98.401 	
92.864 	-244.265 	-2.294 	-35.784 	-0.660 	-0.743 	
7287.578 	-694.020 	3534.681 	341.829 	-41.047 	180.529 	
416.666 	20.115 	-71.768 	10.130 	7.945 	-20.310 	
834.073 	-396.349 	-290.604 	21.835 	-27.526 	-12.994 	
174.515 	921.263 	753.422 	-22.316 	38.333 	27.094 	
-104.483 	-742.194 	219.091 	-20.912 	-37.472 	21.822 	
-254.891 	-61.065 	-879.629 	16.472 	-2.379 	-8.570 	
724.906 	311.479 	160.976 	-10.957 	-11.512 	4.012 	
1330.945 	541.361 	835.847 	37.146 	19.161 	31.223 	
401.345 	-123.254 	-19.640 	22.311 	45.210 	0.731 	
7576.551 	-14912.932 	19586.462 	257.723 	-507.552 	669.121 	
8625.872 	-4632.616 	-5347.426 	353.159 	-199.967 	-230.162 	
321.369 	-24.544 	-26.710 	14.029 	-12.554 	-11.080 	
1536.981 	596.130 	-560.912 	33.031 	14.162 	-17.754 	
190.464 	-260.700 	-259.611 	-25.304 	24.785 	-25.695 	
326.368 	188.946 	74.481 	-42.158 	-20.297 	-0.390 	
258.047 	-23.871 	-66.398 	12.943 	23.509 	-15.930 	
5921.649 	504.030 	123.649 	173.889 	11.376 	2.124 	
872.958 	708.313 	218.263 	12.202 	16.828 	-1.806 	
837.897 	-633.539 	212.815 	-13.394 	-26.418 	10.426 	
-647.528 	7145.928 	836.438 	-19.199 	188.621 	22.943 	
-1027.461 	-524.083 	-51.730 	-49.946 	-11.500 	3.845 	
106.488 	-132.076 	-174.407 	-16.123 	-7.172 	-6.424 	
53.955 	-36.596 	71.993 	-2.090 	-4.700 	38.837 	
309.884 	-64.927 	-68.931 	41.354 	4.904 	24.954 	
985.517 	-569.549 	600.893 	12.427 	-16.724 	15.452 	
456.832 	-122.542 	-9.073 	25.582 	-59.339 	18.669 	
585.970 	650.136 	78.840 	1.930 	4.951 	-8.048 	
100.308 	762.230 	-227.910 	-37.536 	104.217 	-28.949 	
594.715 	-77.608 	581.096 	-24.422 	-1.011 	10.542 	
3939.653 	1627.820 	2335.669 	152.167 	69.193 	100.577 	
2155.704 	588.570 	-271.767 	59.822 	23.518 	-11.234 	
479.326 	-82.285 	87.611 	-27.444 	-24.909 	7.839 	
1430.132 	477.555 	90.532 	16.907 	11.404 	-2.276 	
59305.927 	-31311.599 	-2815.328 	1665.269 	-877.333 	-79.981 	
516.905 	-137.472 	-334.339 	10.743 	-17.095 	-25.518 	
1454.914 	1085.273 	479.437 	33.266 	44.591 	17.211 	
-2645.898 	5794.163 	5610.098 	-131.891 	248.191 	240.819 	
18478.927 	6552.787 	-16068.229 	524.911 	185.463 	-457.099 	
301.634 	-131.378 	-23.503 	65.731 	-13.750 	-1.591 	
1284.198 	1843.083 	-1827.198 	35.165 	42.296 	-38.555 	
372.393 	-104.155 	-51.614 	-9.435 	37.693 	-20.904 	
364.095 	-244.791 	-258.869 	6.666 	12.016 	-6.527 	
-206.331 	-513.771 	-636.834 	-39.529 	-11.785 	-59.528 	
13711.557 	-4675.454 	1236.432 	701.111 	-246.624 	65.078 	
2139.027 	1150.020 	174.989 	65.959 	32.657 	15.891 	
561.418 	-39.360 	603.548 	0.829 	-8.190 	-3.312 	
934.846 	232.175 	111.110 	-8.596 	1.629 	3.134 	
-162.070 	-123.975 	-10.539 	-33.144 	-14.733 	-1.565 	
-4508.671 	11674.328 	-19339.292 	-155.082 	400.621 	-660.489 	
7292.610 	1934.182 	13937.722 	228.698 	62.877 	440.721 	
389.022 	313.950 	-120.651 	10.166 	-6.337 	3.390 	
338.787 	-89.679 	-289.168 	12.859 	-5.828 	23.897 	
1144.849 	-266.306 	-127.135 	4.291 	8.151 	-1.317 	
52.268 	-218.668 	110.470 	-30.929 	-6.099 	26.791 	
2809.633 	-19.063 	-848.655 	96.849 	0.703 	-33.072 	
356.304 	451.085 	219.396 	-1.046 	-12.718 	-4.633 	
570.121 	-236.294 	5.126 	33.214 	24.338 	0.557 	
439.686 	-69.128 	0.847 	41.917 	35.802 	23.293 	
782.112 	-37.184 	506.000 	-14.768 	-10.935 	27.977 	
1420.775 	544.076 	-321.551 	30.281 	17.538 	-6.024 	
212.378 	-115.867 	-119.668 	16.117 	22.390 	-17.154 	
407.898 	-324.293 	595.660 	-19.773 	-0.318 	7.157 	
382.248 	61.654 	-34.181 	20.793 	4.901 	12.834 	
-904.419 	3379.706 	2696.652 	-57.458 	140.007 	113.419 	
1941.952 	238.531 	45.338 	52.606 	10.660 	-2.622 	
1437.895 	378.859 	2.719 	18.976 	15.561 	0.918 	
446.691 	-592.789 	-716.393 	23.428 	-43.082 	-62.123 	
1707.468 	453.418 	-77.642 	33.313 	14.207 	-7.857 	
1174.921 	1617.694 	-1106.849 	28.159 	30.503 	-18.810 	
118.158 	37.096 	-121.063 	8.348 	-42.967 	8.654 	
-4011.907 	1456.482 	2360.252 	-106.190 	36.407 	63.105 	
-5816.249 	-1969.655 	-9908.327 	-186.092 	-60.613 	-313.456 	
1104.673 	144.452 	796.504 	11.892 	10.572 	18.325 	
771.713 	223.065 	408.989 	1.451 	2.630 	-14.081 	
947.428 	441.001 	-291.629 	14.967 	-0.887 	0.307 	
206.970 	-206.103 	-14.061 	-9.102 	-26.214 	3.240 	
86.928 	1715.840 	879.460 	8.166 	36.128 	21.021 	
810.363 	171.414 	-45.951 	13.213 	-39.771 	-8.707 	
562.516 	-1.409 	2.774 	14.222 	1.095 	17.358 	
365.603 	-39.835 	67.414 	-2.401 	20.068 	1.838 	
238.640 	-136.487 	75.157 	45.969 	13.359 	-17.777 	
697.321 	11.097 	61.413 	-34.248 	-25.007 	-12.318 	
438.960 	180.798 	193.847 	-25.414 	-23.563 	-15.827 	
1112.940 	130.508 	1307.019 	23.240 	6.017 	47.672 	
432.796 	-46.844 	150.927 	-27.552 	-58.974 	-1.671 	
542.014 	7.291 	107.796 	9.452 	-7.428 	29.088 	
1341.855 	602.427 	-366.818 	28.166 	11.270 	1.203 	
-114.754 	1255.192 	-598.199 	-15.088 	44.021 	-19.280 	
-3.970 	-218.540 	-164.584 	19.599 	-8.566 	-16.293 	
681.598 	383.731 	400.350 	-12.084 	11.663 	1.768 	
453.868 	-83.281 	-92.927 	-45.781 	52.046 	20.412 	
-17897.933 	-6209.901 	16953.204 	-510.362 	-177.708 	482.532 	
-446.815 	-956.377 	-428.935 	-51.092 	-56.027 	-30.273 	
-132.760 	-312.550 	-76.011 	18.735 	-5.292 	-2.851 	
404.456 	-214.292 	101.320 	13.699 	-10.218 	-55.593 	
434.198 	-78.468 	59.552 	-20.217 	-2.677 	-9.848 	
-6796.862 	1255.152 	-2193.075 	-373.473 	57.387 	-110.120 	
278.157 	-113.864 	-106.604 	-26.507 	-34.548 	1.559 	
127.688 	-263.643 	-31.981 	-40.168 	-16.689 	14.196 	
40.338 	8.333 	-13.209 	15.241 	-21.326 	-4.951 	
547.497 	-390.041 	-232.515 	11.131 	-9.256 	-3.928 	
-543.567 	-2513.160 	4935.807 	-12.544 	-68.707 	137.841 	
1040.816 	335.147 	263.395 	11.698 	-4.785 	16.474 	
716.060 	1196.524 	-247.014 	7.902 	49.137 	-14.397 	
667.245 	-153.026 	115.057 	-18.268 	30.629 	24.359 	
640.538 	102.443 	145.904 	-39.801 	0.146 	0.252 	
1664.822 	929.576 	342.147 	58.063 	15.349 	4.422 	
-2288.936 	-1757.799 	2184.853 	-117.814 	-75.444 	94.220 	
400.498 	-98.365 	-14.172 	39.921 	29.807 	13.987 	
807.867 	248.192 	-183.852 	-72.321 	8.808 	-113.197 	
-58863.900 	31753.009 	-3303.969 	-1650.384 	892.128 	-93.690 	
1249.182 	524.015 	106.110 	26.476 	-0.436 	-2.163 	
-750.276 	-112.522 	191.165 	-34.649 	2.102 	-3.345 	
194.732 	286.169 	256.809 	-63.794 	115.878 	80.591 	
2185.459 	-1020.011 	-644.674 	95.485 	-50.526 	-29.088 	
860.783 	-175.261 	168.303 	0.807 	16.562 	-17.026 	
340.929 	-360.083 	-357.942 	10.128 	27.888 	3.992 	
-9824.670 	3313.338 	3263.896 	-285.406 	88.461 	87.668 	
-32107.598 	-14647.350 	-1868.127 	-1427.281 	-644.143 	-86.996 	
1336.050 	193.913 	1806.275 	60.585 	20.593 	84.269 	
-10.862 	-900.624 	-119.121 	2.966 	-20.889 	7.735 	
401.811 	-220.252 	51.027 	2.057 	3.549 	-26.881 	
306.873 	-141.690 	-9.140 	24.933 	8.586 	-25.477 	
-3355.420 	-20875.348 	5381.361 	-135.582 	-724.961 	184.669 	
415.604 	22.163 	-10.401 	-27.510 	-39.799 	6.508 	
66080.735 	120611.054 	-29402.065 	2486.957 	4580.901 	-1118.272 	
482.958 	1167.955 	-509.896 	-13.570 	7.987 	-4.777 	
459.069 	-99.564 	745.214 	-9.737 	-11.346 	-4.533 	
953.744 	130.168 	41.502 	65.297 	-0.268 	6.646 	
444.299 	-103.952 	58.005 	-18.464 	33.677 	-25.635 	
295.729 	-81.468 	171.255 	-8.724 	25.398 	-3.797 	
329.251 	-317.815 	-418.359 	-8.709 	26.372 	1.548 	
75.330 	-275.865 	204.472 	17.759 	16.901 	-10.760 	
546.033 	-4.992 	-8.227 	22.144 	2.805 	-45.956 	
429.903 	-80.732 	138.357 	-13.779 	39.868 	30.053 	
-1668.684 	-1924.386 	2057.394 	-79.719 	-72.510 	68.707 	
695.234 	-821.373 	-234.879 	12.694 	-13.846 	2.497 	
-291.768 	-196.460 	-428.456 	-33.441 	-16.957 	-20.686 	
-31.705 	1856.739 	1776.367 	-20.223 	66.658 	64.787 	
375.686 	-62.604 	165.045 	-11.086 	-38.713 	36.223 	
968.967 	-143.572 	212.495 	1.245 	0.246 	13.383 	
731.716 	-311.590 	-134.582 	7.504 	-17.302 	-5.094 	
438.067 	-8.720 	-80.687 	41.687 	30.894 	-6.449 	
425.711 	-35.058 	-14.496 	-0.348 	-26.387 	35.863 	
295.524 	-535.696 	-126.838 	9.675 	15.632 	15.229 	
527.871 	-109.445 	51.372 	-58.108 	8.665 	5.380 	
-281.441 	-876.638 	-1101.248 	-12.349 	-30.818 	-53.323 	
1158.641 	119.669 	119.916 	0.996 	15.520 	5.173 	
805.633 	270.508 	57.384 	11.695 	-21.562 	6.329 	
448.271 	241.587 	171.128 	-19.645 	30.123 	24.633 	
-1425.834 	963.316 	-331.953 	-66.175 	34.756 	-12.126 	
487.712 	-130.613 	130.652 	12.658 	-28.419 	43.763 	
-617.339 	-4607.059 	-3267.520 	-113.765 	-484.110 	-342.104 	
518.567 	63.037 	166.483 	35.007 	-23.131 	30.074 	
1901.719 	-261.635 	411.846 	16.893 	2.535 	8.100 	
633.582 	654.975 	782.136 	16.133 	15.282 	14.551 	
2199.919 	-5833.011 	-267.043 	52.807 	-191.983 	-7.366 	
-3164.222 	-2230.882 	-5293.199 	-247.558 	-150.473 	-372.396 	
208.538 	-809.607 	681.348 	2.831 	-13.306 	20.462 	
711.774 	-53.479 	-217.561 	19.441 	11.089 	-18.349 	
287.205 	-57.912 	-17.710 	-0.913 	-13.938 	-17.082 	
2416.625 	-1377.871 	-4047.333 	52.019 	-43.151 	-123.032 	
5111.762 	2651.376 	5863.099 	331.108 	190.761 	407.053 	
-193.589 	-1337.702 	761.077 	-22.663 	-50.861 	21.940 	
262.006 	7.797 	-21.393 	-17.266 	-37.791 	-37.256 	
407.337 	57.636 	-78.025 	-20.553 	-48.174 	27.297 	
-185.510 	-292.600 	-192.105 	3.293 	0.467 	13.410 	
385.848 	-158.761 	35.192 	-1.797 	-38.743 	30.965 	
625.123 	-301.623 	-217.177 	14.680 	33.676 	0.309 	
3956.986 	-2376.560 	2728.599 	177.587 	-113.464 	134.460 	
-694.826 	-455.965 	1367.563 	-38.685 	-19.676 	54.751 	
571.152 	-40.534 	-105.097 	16.677 	29.264 	44.944 	
344.548 	-294.554 	-395.966 	17.686 	14.168 	1.825 	
3661.542 	-7127.669 	2547.995 	120.160 	-273.628 	96.922 	
446.900 	-25.526 	-43.798 	68.649 	20.506 	48.552 	
312.422 	-438.654 	240.424 	36.096 	1.396 	19.126 	
675.906 	34.529 	41.721 	-15.604 	-22.401 	-4.805 	
-635.973 	-861.708 	-45.836 	-2.837 	-19.352 	4.831 	
6.776 	3922.834 	2475.279 	-21.583 	143.051 	92.540 	
-41.443 	-203.967 	-87.272 	-11.354 	-13.744 	-8.358 	
225.811 	-226.149 	-322.465 	22.058 	-25.798 	22.325 	
-1710.645 	-3278.513 	-519.065 	-70.760 	-85.942 	-12.632 	
-82.941 	-603.351 	1156.163 	-11.737 	-17.867 	36.367 	
33232.515 	19262.011 	40285.966 	912.344 	539.481 	1128.937 	
9454.515 	10045.991 	-2618.400 	387.261 	426.347 	-111.409 	
496.606 	-115.447 	7.041 	16.262 	-45.401 	12.492 	
-126.754 	-312.988 	427.867 	1.790 	-10.497 	0.839 	
1008.673 	-594.775 	2210.193 	30.661 	-27.116 	100.842 	
11669.302 	3410.308 	3280.928 	329.226 	100.645 	98.455 	
110.953 	-176.045 	14.290 	-11.968 	2.530 	-0.077 	
499.697 	137.114 	-153.613 	-43.380 	-10.879 	-8.138 	
1896.275 	-621.039 	-1730.387 	152.122 	-64.888 	-176.600 	
272.781 	-173.315 	-38.689 	-30.150 	11.423 	19.648 	
432.420 	-79.228 	26.037 	-23.628 	-39.828 	-37.145 	
-3289.375 	-5661.191 	-3749.644 	-115.748 	-162.596 	-107.005 	
117.598 	-311.351 	524.129 	7.644 	-14.930 	1.836 	
-778.021 	-310.733 	-152.174 	-37.634 	-12.972 	-11.516 	
-7609.226 	7256.807 	-42284.523 	-802.343 	732.770 	-4232.890 	
422.004 	-86.626 	-42.993 	17.943 	7.726 	8.050 	
76.066 	1148.346 	251.755 	-37.825 	179.670 	28.980 	
-58.359 	-488.485 	-334.195 	5.703 	-9.249 	3.595 	
-448.928 	1114.712 	-5645.611 	-33.720 	50.907 	-257.083 	
194.647 	148.792 	-1086.374 	6.278 	10.145 	-37.169 	
263.601 	-94.574 	-58.472 	-13.312 	54.631 	-17.016 	
651.422 	21.516 	310.258 	-6.587 	10.734 	22.299 	
695.714 	-458.615 	145.122 	-25.149 	15.472 	-7.089 	
362.433 	-179.767 	225.191 	-31.603 	-17.341 	-21.495 	
-2221.228 	-1823.267 	-3014.729 	-128.514 	-88.139 	-165.126 	
1236.344 	288.628 	-971.230 	66.448 	22.613 	-78.252 	
-787.750 	-493.471 	98.893 	-29.412 	-18.183 	-7.492 	
556.302 	-148.043 	-96.035 	-8.099 	14.713 	18.624 	
289.111 	163.102 	-170.387 	-27.368 	-11.416 	15.069 	
415.594 	-97.368 	51.953 	-31.645 	-19.747 	-26.718 	
273.361 	-163.830 	79.766 	44.478 	27.961 	28.025 	
-3847.642 	-3010.171 	303.520 	-179.249 	-128.110 	10.021 	
556.547 	-152.741 	-175.169 	3.838 	-22.202 	-36.822 	
516.156 	200.852 	-197.817 	-28.240 	-0.381 	-20.584 	
281.380 	2.366 	-31.220 	-25.156 	-23.094 	-29.989 	
317.227 	-29.275 	32.133 	11.990 	-16.198 	7.453 	
289.047 	-186.126 	10.562 	-11.301 	-4.855 	22.098 	
263.871 	-171.794 	-120.193 	45.085 	20.284 	31.308 	
1353.692 	836.825 	598.060 	1.047 	10.667 	7.536 	
517.153 	27.478 	90.248 	38.516 	25.085 	-16.374 	
323.882 	25.534 	-197.335 	-10.697 	29.211 	4.538 	
465.219 	-247.320 	239.487 	-33.126 	-13.815 	5.910 	
-766.382 	2287.523 	1734.465 	-59.826 	124.698 	95.274 	
170.161 	-72.419 	30.963 	47.357 	-29.542 	19.009 	
-1661.886 	8320.935 	4798.657 	-74.836 	276.744 	160.935 	
129.111 	-799.488 	169.688 	-6.340 	-4.074 	1.957 	
650.703 	-377.471 	-64.402 	8.967 	-51.215 	-10.272 	
8.242 	-88.213 	-113.200 	35.118 	-25.052 	1.657 	
572.027 	-236.962 	168.042 	1.463 	-1.717 	27.832 	
-304.233 	-508.606 	816.578 	-11.289 	-20.228 	20.850 	
8815.594 	-2293.268 	-2155.455 	216.537 	-61.489 	-57.540 	
-3369.905 	-192.365 	-2582.351 	-172.398 	-10.668 	-118.743 	
1191.582 	-141.552 	48.713 	17.062 	-10.746 	-17.671 	
8045.297 	228.710 	2294.959 	223.633 	6.013 	70.848 	
531.755 	131.380 	-93.014 	-28.711 	19.339 	2.771 	
1718.550 	-4617.776 	10390.655 	28.440 	-139.462 	309.193 	
410.531 	19.334 	49.744 	-15.718 	56.137 	17.451 	
-4614.124 	-411.087 	-981.566 	-139.693 	-10.312 	-19.730 	
338.719 	-122.208 	41.755 	26.773 	-9.772 	4.545 	
344.492 	-262.095 	-125.190 	-23.666 	-10.424 	37.976 	
268.415 	-42.097 	-14.308 	-20.211 	8.182 	27.491 	
-3290.952 	-3869.229 	6278.757 	-162.148 	-167.472 	278.089 	
-20.526 	221.027 	1443.376 	-9.049 	17.714 	54.419 	
421.448 	-56.941 	-99.070 	-7.329 	-34.591 	-32.627 	
-797.474 	-2129.405 	-2748.103 	-51.624 	-88.947 	-114.624 	
417.360 	-152.855 	184.405 	4.608 	16.346 	-55.808 	
274.824 	-105.607 	-14.672 	78.270 	21.537 	-4.881 	
168.234 	92.339 	-63.119 	-1.926 	-23.156 	-59.979 	
-603.300 	-974.050 	907.012 	-34.921 	-39.540 	37.825 	
798.479 	466.682 	95.123 	-16.623 	4.853 	4.074 	
177.601 	-118.248 	-177.037 	18.755 	-7.050 	-9.089 	
596.261 	-105.986 	-23.389 	-5.175 	-27.038 	-17.237 	
505.412 	-543.876 	-51.725 	13.055 	6.427 	23.399 	
-1321.538 	-154.186 	2395.053 	-55.820 	-8.987 	67.284 	
-4645.074 	5514.152 	-8054.546 	-161.637 	162.671 	-241.192 	
633.646 	179.216 	410.933 	29.241 	10.610 	-1.102 	
182.759 	79.094 	54.101 	42.780 	9.444 	8.686 	
391.845 	-121.713 	1.687 	-26.218 	23.221 	-1.002 	
756.076 	107.180 	495.106 	70.529 	61.031 	52.654 	
537.002 	-1357.277 	-140.157 	29.099 	-190.458 	-29.925 	
274.236 	-128.910 	-15.830 	-10.675 	30.611 	13.569 	
284.287 	-231.927 	157.029 	23.194 	31.499 	-20.940 	
-1094.459 	-466.636 	-174.835 	-113.012 	-40.344 	-6.966 	
-8969.092 	2534.504 	-3177.976 	-289.902 	77.894 	-96.747 	
1177.484 	3856.916 	3133.904 	76.456 	411.690 	335.159 	
-316.109 	-764.513 	406.184 	-12.373 	-17.090 	13.655 	
-754.724 	459.135 	-427.465 	-34.146 	15.777 	-21.084 	
940.193 	936.806 	-703.045 	-8.294 	16.399 	-5.732 	
-477.632 	-391.789 	564.789 	-30.044 	-18.510 	21.742 	
-416.006 	169.593 	-1394.567 	-31.075 	4.833 	-57.187 	
8.278 	-750.178 	271.232 	-7.932 	-3.627 	4.752 	
-36124.842 	-20191.495 	-40826.264 	-1033.691 	-567.478 	-1146.859 	
488.534 	-42.407 	-21.037 	-64.906 	5.607 	-20.544 	
467.142 	72.517 	190.883 	-11.702 	-0.976 	39.368 	
-105.162 	-442.402 	-349.705 	3.610 	-25.345 	15.526 	
-3039.279 	169.717 	154.759 	-93.755 	-1.364 	5.565 	
-2908.000 	-524.498 	-5311.623 	-105.345 	-17.205 	-157.003 	
288.762 	-202.813 	83.211 	-23.405 	-33.847 	10.785 	
392.317 	-1068.202 	496.093 	14.601 	-34.746 	21.507 	
966.570 	36.127 	16.587 	28.275 	-10.400 	-7.338 	
24.471 	-1130.300 	-949.348 	-5.947 	-42.684 	-36.611 	
527.591 	-72.140 	61.040 	16.176 	5.056 	28.072 	
-2060.436 	769.246 	-883.897 	-73.209 	15.570 	-18.642 	
1148.106 	-170.583 	379.568 	18.488 	-7.203 	22.705 	
427.735 	127.892 	-79.024 	-28.679 	48.685 	-27.016 	
29520.752 	13645.396 	-310.002 	1283.464 	600.321 	-18.481 	
333.217 	-88.393 	-100.625 	-15.431 	-11.702 	-35.086 	
373.882 	106.610 	-171.533 	-42.191 	18.649 	-28.789 	
234.983 	150.604 	300.893 	-21.067 	-11.072 	7.347 	
-1017.228 	-376.562 	-663.937 	-34.624 	-19.704 	-10.185 	
-8450.365 	-1724.588 	-507.899 	-273.835 	-51.593 	-12.414 	
-3226.340 	4281.459 	-2340.468 	-141.718 	159.837 	-88.743 	
310.858 	557.555 	-1075.278 	6.685 	18.488 	-43.026 	
543.953 	61.077 	71.951 	47.244 	-13.361 	7.205 	
122.126 	162.443 	-256.547 	-60.601 	11.325 	-34.033 	
334.823 	593.149 	-331.510 	20.074 	13.629 	-1.803 	
359.564 	32.304 	51.154 	3.636 	26.178 	46.893 	
617.882 	-209.519 	50.178 	-22.287 	39.761 	3.081 	
408.476 	-56.477 	-105.139 	-20.893 	60.498 	28.358 	
264.103 	-221.106 	-147.911 	-46.385 	-5.870 	-7.459 	
494.259 	-102.220 	62.238 	0.359 	-30.005 	-13.398 	
5146.460 	2409.757 	101.830 	122.841 	63.331 	2.529 	
-543.882 	129.156 	-1232.427 	-25.401 	3.106 	-45.730 	
-14.679 	-470.673 	-317.687 	3.878 	-3.007 	13.852 	
483.844 	107.150 	6.878 	-13.632 	-27.313 	20.879 	
359.580 	-115.639 	-453.453 	10.898 	-9.001 	21.663 	
284.189 	-6.084 	-0.386 	-5.552 	4.058 	13.676 	
-1815.530 	-2268.668 	-461.806 	-62.979 	-49.580 	-11.326 	
201.055 	-462.344 	759.678 	5.890 	-6.725 	17.068 	
196.018 	-131.249 	148.782 	14.812 	-15.375 	-3.612 	
-4450.872 	-2227.793 	-524.854 	-136.817 	-54.755 	-14.443 	
310.503 	51.026 	109.020 	24.410 	-2.681 	16.130 	
275.751 	1316.728 	-580.092 	4.487 	50.027 	-23.361 	
-65381.975 	-120646.433 	28979.185 	-2508.042 	-4585.819 	1099.951 	
2629.665 	5031.288 	2761.764 	108.708 	256.775 	140.879 	
27.553 	-753.328 	173.021 	10.173 	-29.526 	-12.370 	
1907.443 	2196.954 	-600.872 	41.255 	76.372 	-23.330 	
225.978 	-877.161 	-161.572 	-7.031 	-9.883 	2.166 	
10828.327 	-132.110 	1632.920 	311.824 	-2.204 	48.367 	
3340.145 	20618.464 	-6406.262 	97.250 	717.841 	-225.266 	
463.779 	-221.302 	25.173 	-0.828 	-32.793 	9.533 	
239.204 	27.471 	-134.887 	-43.271 	48.403 	-40.973 	
2520.072 	1413.908 	-5314.435 	94.639 	66.379 	-233.322 	
-1086.157 	216.655 	-644.351 	-37.732 	14.966 	-26.443 	
610.547 	-18.961 	-2.453 	10.149 	10.032 	-19.106 	
676.049 	-96.599 	-190.483 	10.736 	-9.817 	-0.855 	
8477.134 	-7114.889 	42926.639 	804.820 	-703.078 	4280.345 	
-1111.460 	-866.008 	895.708 	-50.917 	-18.915 	24.185 	
50.224 	250.721 	-13.516 	3.037 	33.546 	-25.845 	
-1882.846 	-1880.399 	7.073 	-87.665 	-64.254 	0.324 	
-1488.197 	-3575.458 	-1037.700 	-102.737 	-181.342 	-53.071 	
-531.680 	-51.681 	-569.943 	-28.849 	2.251 	13.516 	
4819.998 	4437.710 	2762.213 	205.151 	204.204 	124.772 	
95.179 	-678.620 	134.671 	3.083 	-6.403 	17.105 	
637.863 	60.145 	68.882 	23.065 	10.172 	-17.581 	
-3280.940 	-2238.158 	-1822.901 	-160.930 	-97.315 	-81.544 	
-1366.449 	-2082.388 	-2256.261 	-75.458 	-86.989 	-90.266 	
263.873 	-88.085 	-103.751 	-21.730 	-39.790 	-38.520 	
-21.082 	256.107 	60.896 	30.773 	12.630 	-1.355 	
508.955 	-296.277 	-128.361 	9.183 	-3.645 	-11.337 	
3447.269 	6597.275 	-2148.735 	140.054 	301.897 	-99.151 	
-652.735 	298.972 	-2790.034 	-50.779 	13.584 	-137.527 	
166.010 	92.347 	-34.321 	-22.754 	16.918 	-6.419 	
175.031 	-558.620 	1672.523 	-14.444 	-5.916 	33.480 	
345.725 	74.822 	67.221 	43.362 	-3.891 	39.534 	
238.746 	-145.001 	-23.272 	5.588 	-27.272 	-38.532 	
367.942 	-330.901 	-169.226 	34.955 	5.419 	27.385 	
334.865 	-47.979 	-113.019 	-48.051 	-11.847 	10.811 	
402.895 	134.683 	0.860 	-0.690 	-8.605 	-34.918 	
288.845 	108.628 	-12.094 	-15.528 	-22.406 	-15.580 	
524.669 	132.607 	-92.809 	-2.517 	14.462 	1.754 	
806.465 	22.552 	-411.704 	3.642 	-10.834 	-16.170 	
-1353.637 	-446.202 	-413.216 	-39.366 	-12.513 	-23.629 	
427.688 	157.366 	12.465 	-36.899 	-22.108 	-4.997 	
-1166.254 	-1166.252 	-38.456 	-56.618 	-49.343 	-6.836 	
293.285 	-132.781 	22.833 	-24.351 	-2.393 	-42.629 	
427.681 	-101.848 	166.254 	16.442 	5.937 	-44.144 	
-553.896 	-1956.254 	-650.278 	-31.908 	-71.421 	-19.779 	
-11251.248 	-536.387 	-2058.957 	-358.839 	-18.768 	-60.585 	
