## Las primeras 200 lineas corresponden a la esfera 1 
##las siguienets 250 lineas a la esfera 2
## Las primeras tres columnas corresponden a la posición en 'x', 'y' y 'z', dadas en kpc, las siguientes tres a las velocidades, dadas en km/s
1670.516 	1394.446 	34.592 	47.382 	52.039 	2.529 	
1078.810 	-158.816 	-87.707 	-1.045 	5.986 	2.285 	
752.387 	48.503 	238.525 	-26.402 	-5.497 	-5.158 	
-855.818 	272.537 	1091.638 	-135.452 	26.534 	117.009 	
-1454.238 	616.592 	233.189 	-30.817 	10.973 	4.490 	
1239.724 	154.457 	135.589 	8.719 	2.635 	9.839 	
910.861 	-375.951 	102.341 	-8.161 	9.768 	-0.475 	
1489.910 	222.383 	429.806 	39.972 	8.741 	17.780 	
296.330 	-14.121 	9.427 	23.275 	26.653 	-38.438 	
287.909 	-101.919 	-93.155 	60.665 	-33.788 	5.884 	
-364.757 	30.451 	-581.064 	14.805 	9.726 	-6.060 	
-899.421 	-3786.790 	-3788.989 	-25.346 	-97.892 	-97.880 	
-13642.512 	4702.158 	-1508.490 	-752.513 	251.426 	-80.917 	
1026.356 	711.749 	-503.085 	23.819 	19.552 	-6.135 	
266.162 	-111.197 	-160.976 	9.663 	-24.364 	-28.298 	
3531.868 	-1500.544 	-1137.473 	95.410 	-38.559 	-24.794 	
-84.661 	1226.198 	801.412 	1.313 	28.994 	22.393 	
253.281 	-69.754 	0.629 	-57.538 	44.292 	16.025 	
413.368 	-42.405 	73.537 	52.186 	11.130 	-42.980 	
470.397 	586.853 	38.200 	-2.865 	1.703 	-0.083 	
1393.444 	580.736 	-142.979 	33.586 	7.887 	-0.634 	
336.634 	-682.215 	-352.084 	17.242 	-44.212 	-15.587 	
346.122 	-130.819 	8.717 	-32.900 	-19.905 	-4.574 	
640.508 	937.139 	-266.434 	4.709 	42.508 	1.015 	
343.878 	-120.022 	-13.285 	27.657 	-80.243 	30.154 	
1843.772 	623.341 	-59.053 	50.155 	17.966 	-1.052 	
1088.931 	-220.447 	-47.492 	4.216 	9.203 	12.887 	
1369.351 	617.600 	67.747 	22.949 	18.854 	-9.674 	
368.018 	78.628 	-215.993 	-21.950 	-2.783 	2.001 	
148.424 	-301.354 	-260.607 	24.045 	17.595 	8.005 	
448.334 	-374.944 	71.178 	30.973 	8.318 	14.106 	
112.679 	-1341.989 	-1262.033 	-36.707 	-102.014 	-89.987 	
1695.918 	259.503 	953.308 	141.348 	15.267 	149.040 	
1732.942 	199.318 	-309.177 	40.895 	10.191 	-6.543 	
450.974 	-67.665 	-121.743 	21.190 	11.128 	-18.279 	
-85.329 	-396.587 	64.776 	11.161 	-15.867 	5.870 	
146.044 	12.503 	12.820 	-18.300 	-35.285 	-7.072 	
365.311 	519.342 	9.944 	-22.226 	6.115 	10.864 	
305.384 	-199.073 	387.404 	14.272 	-8.092 	8.699 	
449.435 	-25.033 	36.938 	16.277 	15.712 	-4.925 	
1141.390 	-340.520 	684.835 	7.208 	-9.517 	24.445 	
356.045 	-92.476 	-145.354 	-5.498 	31.818 	24.147 	
221.767 	-265.288 	-161.535 	39.221 	20.127 	40.525 	
400.536 	-158.696 	10.061 	2.777 	-6.476 	-25.357 	
1037.352 	563.604 	-365.359 	15.100 	3.638 	-3.712 	
349.320 	-99.787 	-106.598 	20.210 	28.822 	-21.045 	
3585.473 	4771.253 	-4895.310 	104.251 	136.804 	-138.211 	
486.101 	-97.529 	-54.361 	26.442 	-5.480 	1.710 	
333.456 	-199.863 	-213.595 	14.089 	-4.128 	-11.711 	
-473.047 	-781.873 	-198.925 	10.035 	-15.600 	-8.189 	
607.437 	783.571 	25.961 	-4.939 	10.750 	-11.442 	
1630.006 	-6008.911 	-6313.233 	44.673 	-166.514 	-172.422 	
477.142 	100.446 	-100.626 	39.193 	0.739 	16.458 	
469.493 	-89.279 	-12.377 	16.768 	-38.475 	-6.976 	
6395.728 	1911.227 	-374.782 	258.925 	81.418 	-17.524 	
407.072 	-157.247 	94.152 	7.994 	29.529 	13.252 	
-6.960 	-194.737 	-37.075 	27.394 	-15.904 	12.929 	
797.016 	145.696 	49.997 	-6.609 	-9.481 	-33.588 	
-1574.872 	672.196 	347.211 	-85.358 	19.385 	7.649 	
-8710.062 	-11645.879 	3241.117 	-389.617 	-501.837 	139.342 	
718.779 	-399.108 	-41.607 	126.883 	-128.078 	-21.078 	
6995.399 	-974.014 	1540.596 	503.477 	-74.680 	121.405 	
7457.600 	-3258.522 	-5042.455 	239.818 	-106.575 	-159.238 	
385.718 	-212.746 	-149.118 	10.844 	-45.434 	-6.058 	
245.300 	696.841 	727.069 	-16.151 	19.621 	16.712 	
-6903.784 	-390.909 	-1441.677 	-554.585 	-30.685 	-105.622 	
797.888 	-1927.958 	3723.345 	23.818 	-54.461 	104.847 	
183.031 	-68.813 	-89.048 	8.242 	34.058 	-11.738 	
693.223 	56.672 	-95.549 	-19.084 	41.672 	-37.912 	
384.514 	41.097 	135.254 	-8.418 	10.121 	47.481 	
386.595 	-32.501 	-63.797 	35.687 	21.826 	38.138 	
-26.952 	-451.899 	-664.264 	4.173 	-20.145 	-17.603 	
669.270 	452.997 	278.459 	-2.572 	-8.130 	-4.316 	
812.850 	-849.752 	-365.797 	55.959 	-109.654 	-51.963 	
-254.716 	2703.800 	249.361 	-0.266 	72.500 	5.563 	
475.101 	63.488 	151.467 	-22.147 	1.735 	1.882 	
316.131 	-3264.262 	283.988 	-5.610 	-136.830 	9.795 	
1493.970 	1099.569 	239.670 	45.524 	45.175 	3.193 	
327.560 	177.668 	-119.396 	10.419 	27.234 	17.964 	
439.848 	-275.649 	-156.615 	-1.285 	21.409 	0.572 	
979.275 	582.902 	152.582 	18.135 	27.378 	15.218 	
-3206.544 	1213.051 	-1259.049 	-81.810 	32.399 	-33.458 	
265.346 	-698.675 	119.211 	-16.637 	1.531 	-4.564 	
-5247.270 	3371.854 	7662.679 	-167.210 	105.671 	246.760 	
506.654 	393.877 	-307.922 	1.776 	-14.326 	5.920 	
493.674 	79.052 	-13.988 	14.093 	-21.701 	-1.562 	
-399.555 	-371.519 	-3686.052 	-6.280 	-7.608 	-98.434 	
104.104 	-243.889 	-2.138 	-37.549 	-1.816 	-0.282 	
7182.782 	-681.436 	3479.335 	341.837 	-41.048 	180.534 	
413.512 	17.228 	-65.243 	10.459 	11.009 	-22.213 	
827.297 	-387.848 	-286.557 	22.375 	-27.935 	-13.412 	
181.366 	909.482 	745.093 	-22.377 	38.527 	27.241 	
-98.009 	-730.655 	212.381 	-21.327 	-37.804 	21.952 	
-259.917 	-60.338 	-876.962 	16.317 	-2.362 	-8.833 	
728.201 	314.905 	159.696 	-10.542 	-10.838 	4.341 	
1319.537 	535.473 	826.250 	37.277 	19.250 	31.383 	
394.255 	-136.406 	-19.269 	23.803 	40.409 	-3.173 	
7497.540 	-14757.331 	19381.329 	257.724 	-507.552 	669.122 	
8517.603 	-4571.312 	-5276.864 	353.163 	-199.969 	-230.164 	
316.917 	-20.948 	-23.113 	15.092 	-10.877 	-12.442 	
1526.827 	591.774 	-555.446 	33.212 	14.254 	-17.903 	
198.305 	-268.205 	-251.565 	-25.855 	24.128 	-26.798 	
339.391 	194.861 	74.486 	-42.784 	-18.291 	0.352 	
254.560 	-31.380 	-61.152 	9.722 	25.531 	-18.207 	
5868.337 	500.543 	122.998 	173.906 	11.377 	2.125 	
869.194 	703.093 	218.796 	12.355 	17.231 	-1.670 	
841.955 	-625.371 	209.592 	-13.079 	-26.869 	10.603 	
-641.642 	7088.101 	829.405 	-19.201 	188.631 	22.943 	
-1012.121 	-520.544 	-52.915 	-50.124 	-11.583 	3.892 	
111.710 	-129.841 	-172.259 	-17.966 	-7.413 	-7.591 	
54.859 	-35.197 	59.961 	-3.814 	-4.431 	39.648 	
297.361 	-66.669 	-76.344 	40.414 	6.592 	23.419 	
981.677 	-564.389 	596.121 	12.623 	-16.940 	15.679 	
448.755 	-103.703 	-14.686 	27.087 	-63.431 	17.863 	
585.360 	648.537 	81.293 	2.047 	5.482 	-7.958 	
111.842 	730.225 	-219.019 	-37.707 	104.582 	-29.053 	
602.140 	-77.248 	577.785 	-24.024 	-1.326 	11.061 	
3893.000 	1606.606 	2304.833 	152.186 	69.202 	100.590 	
2137.342 	581.354 	-268.317 	59.971 	23.560 	-11.271 	
487.407 	-74.748 	84.615 	-25.265 	-24.095 	11.769 	
1424.903 	474.041 	91.214 	17.208 	11.523 	-2.173 	
58795.402 	-31042.634 	-2790.808 	1665.269 	-877.333 	-79.981 	
513.520 	-132.204 	-326.297 	11.340 	-17.272 	-26.954 	
1444.702 	1071.580 	474.147 	33.356 	44.741 	17.299 	
-2605.463 	5718.074 	5536.269 	-131.893 	248.196 	240.824 	
18318.004 	6495.929 	-15928.095 	524.912 	185.463 	-457.100 	
281.340 	-127.172 	-22.446 	67.718 	-12.377 	-5.191 	
1273.414 	1830.110 	-1815.371 	35.184 	42.338 	-38.600 	
375.365 	-115.499 	-44.781 	-10.005 	36.212 	-23.914 	
362.014 	-248.309 	-256.594 	6.905 	10.932 	-8.309 	
-194.174 	-510.130 	-618.541 	-39.784 	-11.970 	-59.812 	
13496.616 	-4599.846 	1216.481 	701.114 	-246.625 	65.078 	
2118.790 	1139.997 	170.115 	66.064 	32.727 	15.903 	
561.184 	-36.893 	604.437 	0.704 	-7.922 	-2.494 	
937.379 	231.615 	110.118 	-7.932 	2.025 	3.333 	
-151.749 	-119.467 	-10.076 	-34.196 	-14.673 	-1.456 	
-4461.127 	11551.508 	-19136.805 	-155.082 	400.622 	-660.490 	
7222.498 	1914.906 	13802.609 	228.699 	62.877 	440.723 	
385.918 	315.680 	-121.626 	10.082 	-4.960 	2.973 	
334.862 	-87.908 	-296.176 	12.739 	-5.723 	21.832 	
1143.446 	-268.759 	-126.693 	4.864 	7.852 	-1.563 	
61.949 	-216.715 	102.136 	-32.241 	-6.651 	27.582 	
2779.931 	-19.278 	-838.512 	96.920 	0.700 	-33.099 	
356.648 	454.872 	220.760 	-1.194 	-11.989 	-4.264 	
559.724 	-243.485 	4.964 	34.598 	22.578 	0.509 	
426.603 	-80.242 	-6.197 	43.133 	36.690 	22.906 	
786.575 	-33.818 	497.333 	-14.346 	-11.028 	28.565 	
1411.447 	538.691 	-319.690 	30.570 	17.588 	-6.123 	
207.876 	-122.622 	-114.144 	13.290 	21.656 	-18.857 	
413.957 	-324.154 	593.375 	-19.754 	-0.587 	7.744 	
376.008 	59.678 	-38.063 	19.916 	7.966 	12.446 	
-886.803 	3336.781 	2661.878 	-57.466 	140.025 	113.434 	
1925.793 	235.264 	46.140 	52.811 	10.656 	-2.608 	
1432.032 	374.088 	2.446 	19.274 	15.562 	0.866 	
439.500 	-579.544 	-697.291 	23.484 	-43.329 	-62.496 	
1697.220 	449.055 	-75.229 	33.543 	14.257 	-7.882 	
1166.284 	1608.331 	-1101.073 	28.191 	30.581 	-18.866 	
115.868 	50.133 	-123.568 	6.620 	-42.077 	7.690 	
-3979.350 	1445.320 	2340.904 	-106.206 	36.413 	63.114 	
-5759.198 	-1951.073 	-9812.230 	-186.094 	-60.614 	-313.460 	
1100.999 	141.205 	790.846 	12.078 	10.614 	18.585 	
771.201 	222.205 	413.226 	1.887 	2.979 	-13.556 	
942.798 	441.232 	-291.688 	15.235 	-0.620 	0.075 	
210.107 	-197.711 	-15.088 	-11.388 	-28.552 	3.450 	
84.427 	1704.749 	873.008 	8.147 	36.228 	21.070 	
806.183 	183.527 	-43.226 	14.044 	-39.248 	-9.061 	
557.284 	-2.029 	-2.670 	20.037 	3.003 	17.492 	
366.542 	-46.140 	66.415 	-3.782 	21.034 	4.663 	
224.973 	-140.513 	80.271 	43.230 	12.893 	-15.587 	
707.456 	18.825 	65.066 	-31.911 	-25.363 	-11.534 	
446.750 	187.847 	198.496 	-25.402 	-22.442 	-14.487 	
1105.804 	128.661 	1292.378 	23.314 	6.032 	47.841 	
441.136 	-28.989 	150.934 	-26.859 	-57.660 	1.586 	
538.702 	9.545 	98.543 	12.241 	-7.216 	31.208 	
1333.203 	598.940 	-367.158 	28.278 	11.478 	1.016 	
-110.117 	1241.674 	-592.278 	-15.161 	44.164 	-19.349 	
-9.814 	-215.845 	-159.477 	18.528 	-9.014 	-17.019 	
685.274 	380.085 	399.730 	-11.896 	12.122 	2.275 	
467.502 	-98.963 	-98.777 	-43.186 	50.244 	17.708 	
-17741.471 	-6155.421 	16805.274 	-510.362 	-177.708 	482.533 	
-431.129 	-939.172 	-419.639 	-51.241 	-56.215 	-30.376 	
-138.372 	-310.861 	-75.135 	17.882 	-5.721 	-2.863 	
400.219 	-210.741 	118.021 	13.912 	-12.911 	-53.368 	
440.157 	-77.929 	61.939 	-18.320 	-0.883 	-5.724 	
-6682.364 	1237.558 	-2159.315 	-373.482 	57.389 	-110.123 	
286.700 	-102.922 	-106.385 	-29.524 	-36.826 	-4.206 	
140.161 	-258.270 	-36.278 	-41.215 	-18.368 	13.832 	
35.942 	14.776 	-11.697 	13.451 	-20.704 	-4.920 	
544.014 	-387.044 	-231.199 	11.589 	-10.293 	-4.653 	
-539.721 	-2492.096 	4893.547 	-12.547 	-68.715 	137.856 	
1037.168 	336.574 	258.306 	12.105 	-4.526 	16.720 	
713.630 	1181.422 	-242.594 	7.950 	49.384 	-14.435 	
672.601 	-162.328 	107.468 	-16.678 	30.051 	25.138 	
652.562 	102.248 	145.672 	-38.648 	1.113 	1.246 	
1646.997 	924.856 	340.784 	58.220 	15.445 	4.474 	
-2252.814 	-1734.667 	2155.965 	-117.840 	-75.459 	94.241 	
388.291 	-107.767 	-18.383 	39.683 	31.440 	13.479 	
829.948 	245.415 	-149.081 	-71.724 	9.310 	-113.643 	
-58357.939 	31479.508 	-3275.247 	-1650.384 	892.128 	-93.690 	
1241.034 	524.119 	106.762 	26.677 	-0.241 	-2.096 	
-739.613 	-113.171 	192.180 	-34.911 	2.129 	-3.276 	
214.366 	250.524 	232.010 	-64.307 	116.684 	81.209 	
2156.174 	-1004.513 	-635.751 	95.565 	-50.575 	-29.118 	
860.422 	-180.291 	173.471 	1.542 	16.252 	-16.689 	
337.822 	-368.462 	-359.062 	10.140 	26.780 	3.316 	
-9737.172 	3286.218 	3237.019 	-285.410 	88.462 	87.670 	
-31670.034 	-14449.874 	-1841.456 	-1427.281 	-644.143 	-86.996 	
1317.469 	187.598 	1780.425 	60.633 	20.604 	84.371 	
-11.745 	-894.160 	-121.481 	2.792 	-21.282 	7.663 	
401.138 	-220.803 	59.142 	2.332 	0.078 	-26.028 	
299.196 	-143.634 	-1.606 	25.150 	4.420 	-23.745 	
-3313.855 	-20653.096 	5324.747 	-135.582 	-724.962 	184.669 	
423.942 	33.909 	-12.454 	-26.806 	-36.841 	6.881 	
65318.304 	119206.680 	-29059.235 	2486.957 	4580.901 	-1118.272 	
487.117 	1165.476 	-508.417 	-13.567 	8.183 	-4.876 	
462.057 	-96.081 	746.515 	-9.755 	-11.374 	-3.957 	
933.605 	130.210 	39.463 	66.086 	-0.011 	6.656 	
449.564 	-113.697 	65.438 	-16.040 	29.875 	-22.935 	
298.605 	-89.261 	172.030 	-10.021 	25.424 	-1.258 	
331.989 	-325.723 	-418.545 	-9.110 	25.203 	-0.328 	
70.010 	-280.953 	207.643 	16.955 	16.298 	-9.937 	
539.375 	-5.923 	6.070 	21.207 	3.298 	-46.637 	
434.059 	-92.909 	128.743 	-13.344 	39.515 	32.865 	
-1644.241 	-1902.153 	2036.327 	-79.740 	-72.533 	68.732 	
691.318 	-817.066 	-235.628 	12.857 	-14.255 	2.390 	
-281.451 	-191.257 	-422.071 	-33.864 	-16.986 	-20.967 	
-25.503 	1836.296 	1756.497 	-20.233 	66.704 	64.834 	
379.259 	-50.809 	153.460 	-12.187 	-38.216 	39.352 	
968.478 	-143.625 	208.342 	1.943 	0.097 	13.708 	
729.267 	-306.196 	-132.961 	8.483 	-17.883 	-5.492 	
424.965 	-18.543 	-78.178 	43.731 	33.506 	-10.087 	
425.748 	-27.292 	-25.576 	0.281 	-24.278 	36.546 	
292.579 	-540.338 	-131.477 	9.534 	14.658 	15.033 	
545.062 	-111.764 	49.587 	-54.159 	6.519 	6.267 	
-277.644 	-867.176 	-1084.878 	-12.425 	-30.910 	-53.466 	
1158.274 	114.907 	118.321 	1.402 	15.539 	5.233 	
801.956 	277.014 	55.437 	12.290 	-20.875 	6.372 	
454.270 	232.100 	163.473 	-19.478 	31.784 	25.291 	
-1405.535 	952.652 	-328.233 	-66.256 	34.811 	-12.143 	
483.523 	-121.636 	116.797 	14.702 	-30.199 	46.694 	
-582.462 	-4458.642 	-3162.640 	-113.766 	-484.125 	-342.113 	
507.559 	69.936 	156.962 	36.958 	-21.812 	32.020 	
1896.514 	-262.405 	409.355 	17.063 	2.488 	8.150 	
628.630 	650.260 	777.639 	16.176 	15.479 	14.792 	
2183.729 	-5774.152 	-264.785 	52.811 	-191.997 	-7.367 	
-3088.327 	-2184.750 	-5179.031 	-247.565 	-150.477 	-372.406 	
207.676 	-805.491 	675.039 	2.793 	-13.545 	20.701 	
705.612 	-56.917 	-211.775 	20.775 	11.354 	-19.408 	
287.469 	-53.437 	-12.590 	-0.511 	-15.482 	-15.922 	
2400.676 	-1364.641 	-4009.612 	52.029 	-43.158 	-123.052 	
5010.253 	2592.893 	5738.307 	331.113 	190.764 	407.060 	
-186.633 	-1322.087 	754.338 	-22.715 	-51.003 	22.025 	
268.166 	18.672 	-10.050 	-22.747 	-33.057 	-36.674 	
413.624 	71.963 	-86.072 	-20.461 	-45.467 	25.239 	
-186.403 	-292.710 	-196.173 	2.536 	0.249 	13.128 	
386.429 	-146.332 	25.219 	-2.181 	-42.238 	34.371 	
620.495 	-311.836 	-217.146 	15.507 	32.953 	-0.508 	
3902.541 	-2341.774 	2687.376 	177.601 	-113.474 	134.471 	
-682.954 	-449.930 	1350.761 	-38.765 	-19.698 	54.859 	
565.710 	-49.551 	-118.616 	18.803 	29.556 	43.251 	
339.064 	-298.947 	-396.435 	18.050 	14.514 	1.247 	
3624.704 	-7043.781 	2518.281 	120.163 	-273.635 	96.925 	
425.437 	-32.062 	-58.473 	71.287 	21.918 	47.401 	
301.378 	-438.945 	234.463 	35.948 	0.503 	19.761 	
680.445 	41.258 	43.261 	-14.034 	-21.510 	-5.216 	
-635.073 	-855.750 	-47.319 	-3.036 	-19.517 	4.843 	
13.393 	3878.976 	2446.907 	-21.585 	143.071 	92.552 	
-37.741 	-199.704 	-84.665 	-12.802 	-14.070 	-8.665 	
219.130 	-218.189 	-329.076 	21.516 	-26.123 	20.819 	
-1688.949 	-3252.161 	-515.192 	-70.778 	-85.970 	-12.633 	
-79.333 	-597.862 	1144.985 	-11.800 	-17.944 	36.556 	
32952.816 	19096.621 	39939.866 	912.345 	539.481 	1128.938 	
9335.791 	9915.285 	-2584.245 	387.263 	426.349 	-111.410 	
490.950 	-101.148 	3.149 	20.694 	-47.851 	12.938 	
-127.240 	-309.748 	427.551 	1.382 	-10.640 	1.218 	
999.270 	-586.459 	2179.266 	30.683 	-27.137 	100.920 	
11568.370 	3379.453 	3250.744 	329.230 	100.646 	98.456 	
114.911 	-176.749 	14.234 	-13.866 	2.054 	0.436 	
512.887 	140.221 	-150.819 	-42.642 	-9.391 	-10.076 	
1849.631 	-601.143 	-1676.237 	152.172 	-64.909 	-176.662 	
282.297 	-176.173 	-44.467 	-31.823 	7.191 	17.976 	
439.506 	-67.120 	37.329 	-22.499 	-38.899 	-36.813 	
-3253.889 	-5611.343 	-3716.838 	-115.753 	-162.603 	-107.010 	
115.296 	-306.742 	523.480 	7.373 	-15.135 	2.397 	
-766.446 	-306.753 	-148.638 	-37.877 	-12.991 	-11.554 	
-7363.251 	7032.161 	-40986.839 	-802.343 	732.770 	-4232.890 	
416.283 	-88.902 	-45.036 	19.322 	7.110 	5.287 	
87.674 	1093.230 	242.864 	-37.903 	179.891 	29.026 	
-60.004 	-485.527 	-335.232 	5.014 	-10.043 	3.170 	
-438.590 	1099.105 	-5566.794 	-33.722 	50.911 	-257.098 	
192.728 	145.674 	-1074.938 	6.241 	10.197 	-37.441 	
268.212 	-111.273 	-53.037 	-16.693 	54.189 	-18.579 	
653.350 	18.209 	303.260 	-5.991 	10.840 	23.349 	
703.351 	-463.248 	147.244 	-24.675 	14.752 	-6.759 	
372.195 	-174.297 	231.429 	-32.094 	-18.340 	-19.184 	
-2181.826 	-1796.244 	-2964.102 	-128.531 	-88.149 	-165.146 	
1215.953 	281.690 	-947.212 	66.573 	22.653 	-78.436 	
-778.699 	-487.885 	101.182 	-29.631 	-18.260 	-7.437 	
558.481 	-152.362 	-101.563 	-6.128 	13.464 	17.482 	
297.630 	166.363 	-174.806 	-28.202 	-9.868 	13.742 	
425.714 	-90.969 	59.752 	-34.451 	-22.149 	-24.207 	
260.003 	-172.168 	70.799 	42.559 	26.344 	30.393 	
-3792.687 	-2970.894 	300.448 	-179.265 	-128.122 	10.024 	
555.163 	-145.822 	-163.615 	5.208 	-22.943 	-38.584 	
524.722 	200.754 	-191.318 	-27.634 	1.027 	-21.809 	
289.168 	8.856 	-21.498 	-25.681 	-18.975 	-33.434 	
313.684 	-24.458 	29.331 	11.275 	-15.274 	11.000 	
292.729 	-183.941 	3.611 	-12.649 	-9.478 	23.227 	
250.277 	-177.707 	-129.521 	43.555 	18.375 	29.559 	
1353.354 	833.535 	595.732 	1.161 	10.794 	7.656 	
505.249 	19.553 	95.068 	39.110 	26.598 	-14.997 	
327.258 	16.435 	-198.360 	-11.315 	30.157 	2.128 	
475.303 	-242.908 	237.440 	-32.650 	-14.966 	7.439 	
-748.038 	2249.288 	1705.253 	-59.846 	124.735 	95.301 	
156.062 	-63.383 	24.971 	44.660 	-29.391 	20.039 	
-1638.943 	8236.092 	4749.319 	-74.837 	276.749 	160.937 	
131.054 	-798.146 	169.068 	-6.337 	-4.680 	2.088 	
647.848 	-361.617 	-61.235 	9.651 	-52.208 	-10.392 	
-2.293 	-80.567 	-113.636 	33.621 	-24.821 	1.188 	
571.414 	-236.256 	159.331 	2.537 	-2.892 	28.992 	
-300.748 	-502.391 	810.154 	-11.444 	-20.314 	21.059 	
8749.209 	-2274.417 	-2137.815 	216.544 	-61.491 	-57.542 	
-3317.050 	-189.094 	-2545.945 	-172.418 	-10.668 	-118.758 	
1186.262 	-138.244 	54.119 	17.642 	-10.837 	-17.598 	
7976.736 	226.866 	2273.238 	223.641 	6.014 	70.851 	
537.420 	125.676 	-93.663 	-10.277 	18.159 	1.507 	
1709.831 	-4575.021 	10295.865 	28.441 	-139.464 	309.197 	
415.304 	1.699 	44.108 	-15.474 	58.960 	19.275 	
-4571.295 	-407.925 	-975.517 	-139.713 	-10.313 	-19.734 	
330.649 	-119.153 	39.736 	25.936 	-10.114 	8.650 	
351.778 	-258.550 	-136.722 	-23.845 	-12.698 	37.238 	
275.368 	-44.904 	-22.753 	-25.364 	10.348 	27.039 	
-3241.242 	-3817.886 	6193.502 	-162.151 	-167.476 	278.095 	
-17.745 	215.591 	1426.669 	-9.095 	17.747 	54.578 	
423.104 	-46.545 	-88.887 	-4.450 	-33.372 	-34.477 	
-781.646 	-2102.134 	-2712.958 	-51.633 	-88.968 	-114.654 	
415.904 	-157.650 	201.101 	4.920 	14.997 	-53.180 	
251.433 	-112.489 	-13.376 	74.119 	23.082 	-3.522 	
169.071 	99.117 	-44.332 	-3.717 	-20.546 	-62.926 	
-592.580 	-961.914 	895.401 	-35.017 	-39.634 	37.923 	
803.525 	465.107 	93.867 	-16.297 	5.421 	4.120 	
172.122 	-116.063 	-173.946 	17.007 	-7.184 	-11.061 	
597.430 	-97.571 	-18.038 	-2.448 	-27.856 	-17.674 	
501.373 	-545.695 	-58.891 	13.293 	5.442 	23.348 	
-1304.421 	-151.431 	2374.419 	-55.851 	-8.987 	67.330 	
-4595.520 	5464.281 	-7980.603 	-161.639 	162.674 	-241.196 	
624.654 	175.904 	411.158 	29.421 	10.996 	-0.365 	
169.893 	75.971 	51.270 	41.155 	10.925 	9.787 	
399.902 	-128.535 	1.499 	-25.768 	21.448 	2.195 	
734.399 	88.446 	478.863 	70.888 	61.186 	53.313 	
528.075 	-1298.851 	-130.979 	29.139 	-190.700 	-29.949 	
278.351 	-137.756 	-20.098 	-16.934 	25.704 	14.621 	
277.304 	-241.334 	163.178 	22.366 	29.890 	-19.210 	
-1059.781 	-454.264 	-172.689 	-113.219 	-40.362 	-7.030 	
-8880.216 	2510.623 	-3148.315 	-289.907 	77.895 	-96.749 	
1154.044 	3730.701 	3031.152 	76.459 	411.705 	335.172 	
-312.281 	-759.242 	401.975 	-12.596 	-17.298 	13.804 	
-744.229 	454.282 	-420.992 	-34.321 	15.881 	-21.146 	
942.725 	931.752 	-701.264 	-8.223 	16.569 	-5.883 	
-468.384 	-386.105 	558.097 	-30.290 	-18.570 	21.913 	
-406.471 	168.106 	-1377.010 	-31.129 	4.866 	-57.350 	
10.739 	-749.007 	269.712 	-8.126 	-4.020 	5.167 	
-35807.941 	-20017.522 	-40474.670 	-1033.691 	-567.478 	-1146.859 	
507.920 	-44.307 	-14.609 	-61.672 	6.736 	-21.420 	
470.728 	72.588 	178.335 	-11.769 	0.588 	42.649 	
-106.158 	-434.615 	-354.396 	2.891 	-25.457 	15.078 	
-3010.530 	170.135 	153.053 	-93.797 	-1.361 	5.568 	
-2875.703 	-519.223 	-5263.489 	-105.352 	-17.206 	-157.015 	
296.055 	-191.972 	79.586 	-24.102 	-36.834 	12.934 	
387.837 	-1057.508 	489.479 	14.627 	-35.018 	21.644 	
957.778 	39.327 	18.848 	29.085 	-10.472 	-7.410 	
26.299 	-1117.193 	-938.105 	-5.979 	-42.823 	-36.733 	
522.054 	-73.834 	52.212 	19.990 	5.934 	29.396 	
-2037.983 	764.469 	-878.179 	-73.266 	15.592 	-18.665 	
1142.375 	-168.357 	372.568 	18.901 	-7.315 	22.958 	
436.516 	112.552 	-70.588 	-28.583 	51.442 	-27.969 	
29127.279 	13461.355 	-304.336 	1283.465 	600.321 	-18.481 	
338.140 	-84.793 	-89.634 	-16.528 	-11.574 	-36.462 	
386.815 	100.618 	-162.466 	-42.182 	20.428 	-30.400 	
241.521 	153.909 	298.484 	-21.580 	-10.494 	8.373 	
-1006.590 	-370.516 	-660.801 	-34.772 	-19.733 	-10.274 	
-8366.414 	-1708.771 	-504.094 	-273.842 	-51.595 	-12.414 	
-3182.892 	4232.456 	-2313.261 	-141.726 	159.848 	-88.749 	
308.811 	551.869 	-1062.055 	6.668 	18.605 	-43.235 	
529.189 	64.830 	69.639 	49.029 	-11.120 	7.894 	
140.822 	158.853 	-245.984 	-61.370 	12.106 	-34.882 	
328.681 	588.899 	-330.914 	19.990 	14.099 	-2.085 	
358.571 	23.922 	36.541 	2.903 	28.571 	48.433 	
624.449 	-221.526 	49.165 	-20.581 	38.569 	3.511 	
415.284 	-74.896 	-112.927 	-22.437 	59.450 	22.968 	
278.430 	-219.015 	-145.384 	-47.058 	-7.844 	-9.013 	
493.720 	-92.720 	66.106 	3.253 	-32.056 	-11.950 	
5108.798 	2390.340 	101.055 	122.857 	63.340 	2.529 	
-536.077 	128.200 	-1218.389 	-25.516 	3.130 	-45.850 	
-15.895 	-469.702 	-321.909 	4.063 	-3.331 	13.689 	
487.858 	115.088 	0.376 	-12.532 	-24.447 	21.522 	
356.240 	-112.885 	-459.904 	10.893 	-8.967 	20.433 	
286.761 	-7.762 	-4.963 	-11.164 	6.923 	15.397 	
-1796.218 	-2253.462 	-458.332 	-63.013 	-49.617 	-11.335 	
199.261 	-460.255 	754.387 	5.809 	-6.901 	17.448 	
191.738 	-126.486 	149.595 	13.121 	-15.685 	-1.687 	
-4408.925 	-2211.006 	-520.426 	-136.835 	-54.763 	-14.444 	
303.262 	51.595 	103.725 	22.846 	-1.027 	18.410 	
274.381 	1301.364 	-572.918 	4.450 	50.204 	-23.442 	
-64613.080 	-119240.551 	28641.971 	-2508.042 	-4585.819 	1099.951 	
2596.338 	4952.566 	2718.574 	108.713 	256.786 	140.885 	
24.478 	-744.204 	176.808 	9.889 	-29.994 	-12.337 	
1894.790 	2173.531 	-593.717 	41.290 	76.428 	-23.345 	
228.140 	-874.058 	-162.220 	-7.072 	-10.358 	2.063 	
10732.730 	-131.434 	1618.092 	311.829 	-2.204 	48.368 	
3310.331 	20398.394 	-6337.202 	97.250 	717.842 	-225.266 	
463.797 	-210.794 	22.213 	0.714 	-35.767 	9.783 	
252.720 	12.374 	-122.022 	-44.932 	50.135 	-42.998 	
2491.058 	1393.557 	-5242.903 	94.645 	66.383 	-233.336 	
-1074.567 	212.061 	-636.235 	-37.876 	15.004 	-26.509 	
606.973 	-22.060 	3.440 	13.168 	10.196 	-19.316 	
672.587 	-93.529 	-190.090 	11.838 	-10.220 	-1.706 	
8230.400 	-6899.345 	41614.407 	804.820 	-703.078 	4280.345 	
-1095.835 	-860.202 	888.284 	-51.016 	-18.964 	24.246 	
49.410 	240.306 	-5.585 	2.275 	34.399 	-25.893 	
-1855.964 	-1860.695 	6.973 	-87.710 	-64.289 	0.328 	
-1456.699 	-3519.859 	-1021.429 	-102.748 	-181.370 	-53.081 	
-522.791 	-52.374 	-574.061 	-29.145 	2.269 	13.349 	
4757.103 	4375.106 	2723.960 	205.159 	204.212 	124.777 	
94.260 	-676.602 	129.418 	2.913 	-6.768 	17.159 	
630.577 	56.851 	74.165 	24.469 	11.282 	-16.886 	
-3231.600 	-2208.322 	-1797.900 	-160.950 	-97.327 	-81.554 	
-1343.312 	-2055.716 	-2228.584 	-75.478 	-87.012 	-90.291 	
271.078 	-76.142 	-91.491 	-25.432 	-38.046 	-41.450 	
-30.391 	252.139 	61.274 	29.957 	13.251 	-1.115 	
505.993 	-294.922 	-124.791 	10.143 	-5.195 	-11.951 	
3404.332 	6504.721 	-2118.338 	140.057 	301.905 	-99.154 	
-637.165 	294.807 	-2747.865 	-50.796 	13.592 	-137.575 	
173.241 	86.973 	-32.663 	-24.230 	17.642 	-4.059 	
179.461 	-556.800 	1662.239 	-14.456 	-5.954 	33.612 	
332.570 	75.570 	54.879 	42.454 	-1.028 	40.957 	
237.779 	-136.312 	-11.489 	0.576 	-29.538 	-38.183 	
357.224 	-332.268 	-177.490 	34.956 	3.511 	26.530 	
349.695 	-44.751 	-115.811 	-48.614 	-9.339 	7.374 	
403.226 	136.980 	11.539 	-1.429 	-6.348 	-34.676 	
293.798 	115.099 	-7.323 	-16.775 	-19.804 	-15.546 	
528.036 	127.366 	-93.327 	-17.434 	19.341 	1.587 	
805.271 	25.858 	-406.652 	4.145 	-10.732 	-16.789 	
-1341.546 	-442.363 	-405.966 	-39.513 	-12.537 	-23.667 	
438.881 	163.653 	13.898 	-36.151 	-18.962 	-4.403 	
-1148.880 	-1151.112 	-36.360 	-56.723 	-49.424 	-6.836 	
301.137 	-131.871 	35.300 	-26.848 	-3.575 	-38.783 	
422.587 	-103.536 	179.201 	16.758 	5.207 	-40.440 	
-544.109 	-1934.346 	-644.210 	-31.943 	-71.504 	-19.806 	
-11141.238 	-530.633 	-2040.383 	-358.844 	-18.768 	-60.586 	
