## Las primeras 200 lineas corresponden a la esfera 1 
##las siguienets 250 lineas a la esfera 2
## Las primeras tres columnas corresponden a la posición en 'x', 'y' y 'z', dadas en kpc, las siguientes tres a las velocidades, dadas en km/s
1814.605 	1552.300 	42.428 	46.643 	50.980 	2.580 	
1067.983 	-141.477 	-76.346 	-5.978 	5.523 	5.111 	
655.873 	28.012 	210.476 	-37.357 	-8.418 	-13.926 	
-1269.769 	353.455 	1449.165 	-134.666 	26.280 	116.294 	
-1547.591 	649.754 	246.929 	-30.072 	10.652 	4.442 	
1257.719 	160.947 	163.950 	3.083 	1.691 	8.600 	
876.438 	-339.171 	98.536 	-14.370 	14.277 	-2.035 	
1608.775 	248.705 	482.410 	37.651 	8.439 	16.579 	
367.833 	16.790 	-110.705 	27.800 	-7.458 	-30.617 	
463.999 	-165.534 	-40.128 	49.639 	-7.388 	31.896 	
-315.413 	58.772 	-596.040 	17.412 	8.768 	-3.689 	
-977.077 	-4086.733 	-4088.874 	-25.316 	-97.785 	-97.763 	
-15949.469 	5472.946 	-1756.554 	-752.492 	251.418 	-80.915 	
1097.410 	768.493 	-519.196 	22.551 	17.519 	-4.442 	
307.760 	-175.430 	-201.956 	16.098 	-16.398 	-0.815 	
3823.912 	-1618.527 	-1213.317 	95.120 	-38.414 	-24.689 	
-79.744 	1313.222 	868.837 	1.880 	27.800 	21.606 	
125.915 	52.440 	29.108 	-30.386 	34.710 	5.039 	
538.796 	-45.105 	-63.709 	25.397 	-6.349 	-35.621 	
461.647 	582.353 	37.662 	-2.823 	-4.588 	-0.265 	
1493.104 	602.404 	-144.076 	31.455 	6.312 	-0.085 	
389.354 	-810.313 	-395.469 	17.110 	-39.598 	-12.864 	
265.323 	-151.036 	-37.155 	-17.243 	5.610 	-18.651 	
654.348 	1063.330 	-262.046 	4.330 	39.898 	1.783 	
435.085 	-310.367 	82.910 	32.209 	-45.670 	26.777 	
1994.714 	677.047 	-62.175 	48.378 	17.109 	-0.991 	
1093.657 	-187.134 	-9.649 	-1.156 	12.377 	11.709 	
1436.436 	671.447 	37.629 	20.896 	16.317 	-9.961 	
295.795 	56.553 	-167.456 	-24.468 	-8.243 	31.069 	
237.447 	-227.512 	-222.806 	33.685 	30.210 	18.203 	
536.209 	-324.553 	106.292 	25.357 	24.384 	8.291 	
0.298 	-1653.457 	-1536.605 	-36.607 	-101.234 	-89.196 	
2127.604 	306.069 	1408.829 	140.378 	15.127 	148.214 	
1855.225 	230.687 	-328.018 	38.934 	10.270 	-5.774 	
483.564 	-35.625 	-124.654 	2.071 	9.138 	13.545 	
-41.082 	-436.915 	79.479 	17.605 	-10.321 	3.697 	
124.270 	-103.832 	-16.876 	3.401 	-38.402 	-12.458 	
300.169 	527.076 	43.151 	-20.222 	-1.041 	10.693 	
352.444 	-218.862 	396.955 	16.254 	-4.773 	-2.375 	
467.588 	-30.146 	0.676 	-8.572 	-13.999 	-4.132 	
1160.228 	-368.098 	756.279 	5.142 	-8.500 	22.201 	
372.202 	-18.762 	-30.321 	13.264 	5.173 	38.309 	
357.244 	-164.695 	-24.145 	49.316 	48.619 	48.423 	
374.599 	-106.158 	-51.421 	-21.892 	37.021 	-10.198 	
1080.459 	571.289 	-373.937 	13.049 	1.417 	-1.914 	
376.304 	4.594 	-113.873 	2.457 	33.228 	18.153 	
3905.020 	5190.569 	-5318.937 	104.215 	136.749 	-138.155 	
515.421 	-99.801 	-28.605 	-20.963 	11.468 	6.908 	
377.797 	-200.382 	-224.162 	14.220 	4.195 	2.049 	
-439.158 	-826.901 	-223.119 	12.049 	-13.766 	-7.578 	
591.340 	809.129 	-8.857 	-5.532 	6.008 	-11.247 	
1766.942 	-6519.325 	-6841.755 	44.662 	-166.469 	-172.375 	
580.195 	79.549 	-32.961 	26.756 	-16.817 	26.627 	
478.142 	-185.965 	-10.691 	-9.111 	-19.235 	6.239 	
7189.334 	2160.770 	-428.486 	258.810 	81.380 	-17.512 	
436.130 	-52.761 	88.420 	8.150 	31.324 	-20.583 	
97.990 	-242.430 	2.915 	39.412 	-14.773 	13.221 	
762.636 	109.085 	-54.634 	-16.294 	-14.952 	-33.916 	
-1834.973 	730.985 	370.136 	-84.386 	18.998 	7.351 	
-9904.498 	-13184.342 	3668.292 	-389.604 	-501.820 	139.337 	
1099.794 	-783.006 	-105.362 	122.556 	-123.347 	-20.548 	
8538.775 	-1202.930 	1912.761 	503.391 	-74.660 	121.388 	
8192.749 	-3585.223 	-5530.583 	239.777 	-106.557 	-159.206 	
416.771 	-327.957 	-146.736 	10.197 	-28.729 	7.036 	
196.745 	754.292 	775.227 	-15.535 	17.886 	14.754 	
-8603.853 	-484.974 	-1765.460 	-554.506 	-30.681 	-105.607 	
870.861 	-2094.738 	4044.419 	23.788 	-54.345 	104.620 	
253.096 	21.359 	-103.167 	36.840 	23.329 	4.536 	
616.020 	173.597 	-198.876 	-29.971 	33.991 	-29.079 	
367.067 	53.624 	243.722 	-2.684 	-0.533 	23.914 	
495.278 	-8.360 	59.403 	30.042 	-6.523 	31.801 	
-11.939 	-510.964 	-712.583 	5.594 	-18.381 	-14.045 	
658.569 	418.860 	260.577 	-4.476 	-14.162 	-7.327 	
982.083 	-1181.998 	-523.063 	54.616 	-107.336 	-50.779 	
-255.325 	2925.238 	266.359 	-0.136 	71.973 	5.526 	
400.823 	44.853 	127.615 	-26.762 	-18.169 	-21.894 	
298.919 	-3683.099 	313.949 	-5.618 	-136.426 	9.753 	
1632.089 	1235.855 	249.331 	44.607 	43.799 	3.104 	
367.815 	228.710 	-57.711 	15.021 	6.086 	20.550 	
420.000 	-187.449 	-134.669 	-11.340 	36.428 	15.527 	
1030.836 	661.995 	198.052 	15.578 	24.361 	14.437 	
-3456.947 	1312.211 	-1361.474 	-81.553 	32.293 	-33.364 	
214.191 	-684.953 	103.456 	-16.670 	7.350 	-5.598 	
-5759.846 	3695.784 	8419.113 	-167.183 	105.655 	246.721 	
509.843 	339.334 	-281.454 	0.193 	-21.467 	11.419 	
507.293 	-19.749 	-10.337 	-7.977 	-43.707 	6.154 	
-418.726 	-394.806 	-3987.335 	-6.229 	-7.584 	-98.123 	
15.756 	-232.392 	-11.477 	-19.247 	8.118 	-5.127 	
8230.647 	-807.262 	4032.732 	341.769 	-41.038 	180.491 	
431.118 	12.007 	-93.822 	-0.679 	-12.464 	3.688 	
888.360 	-467.588 	-321.826 	17.700 	-24.200 	-9.803 	
113.633 	1024.848 	826.500 	-21.832 	36.815 	25.919 	
-157.877 	-841.492 	277.707 	-18.034 	-34.549 	20.676 	
-207.563 	-67.830 	-900.011 	17.819 	-2.520 	-6.204 	
689.173 	271.196 	168.049 	-15.052 	-17.790 	1.083 	
1431.889 	593.224 	920.152 	36.050 	18.457 	29.927 	
467.734 	8.647 	15.783 	24.698 	32.535 	18.285 	
8287.644 	-16313.334 	21432.656 	257.721 	-507.547 	669.116 	
9600.244 	-5184.326 	-5982.447 	353.128 	-199.948 	-230.142 	
379.188 	-77.607 	-47.437 	29.902 	-22.144 	4.246 	
1626.031 	634.139 	-608.168 	31.561 	13.410 	-16.534 	
131.724 	-188.684 	-313.742 	-17.120 	27.563 	-13.581 	
221.718 	108.337 	63.783 	-32.135 	-37.734 	-7.631 	
315.211 	6.471 	-74.634 	27.179 	-0.668 	7.201 	
6401.243 	535.408 	129.508 	173.754 	11.369 	2.123 	
904.907 	749.976 	211.763 	11.013 	13.441 	-2.849 	
797.417 	-701.058 	239.400 	-15.850 	-22.590 	8.867 	
-700.484 	7666.243 	899.729 	-19.187 	188.538 	22.935 	
-1163.252 	-555.053 	-41.478 	-48.510 	-10.997 	3.637 	
81.293 	-149.524 	-178.244 	-2.225 	-5.851 	3.605 	
66.821 	-53.038 	168.551 	10.696 	-7.085 	31.106 	
429.713 	-58.613 	16.966 	45.137 	-1.085 	35.530 	
1017.502 	-613.146 	640.874 	10.791 	-14.915 	13.572 	
509.356 	-234.459 	42.979 	10.894 	-21.055 	15.622 	
589.800 	657.313 	55.720 	0.840 	0.277 	-8.650 	
-1.560 	1046.144 	-306.756 	-36.406 	101.796 	-28.271 	
527.387 	-66.883 	602.982 	-20.567 	8.217 	3.401 	
4359.289 	1818.636 	2613.025 	152.017 	69.124 	100.472 	
2319.046 	652.968 	-302.336 	58.617 	23.171 	-10.934 	
365.741 	-128.273 	60.399 	-50.001 	-2.399 	-27.492 	
1473.198 	507.480 	82.918 	14.348 	10.260 	-3.261 	
63900.643 	-33732.286 	-3036.007 	1665.268 	-877.332 	-79.981 	
539.579 	-182.342 	-388.508 	5.766 	-15.363 	-14.043 	
1545.658 	1206.618 	525.925 	32.532 	43.414 	16.513 	
-3009.773 	6478.902 	6274.496 	-131.870 	248.152 	240.780 	
19927.224 	7064.504 	-17329.424 	524.905 	185.461 	-457.094 	
450.435 	-133.728 	-2.404 	47.509 	15.071 	7.737 	
1381.005 	1959.290 	-1933.051 	35.009 	41.945 	-38.182 	
332.288 	-1.557 	-36.561 	-13.544 	26.021 	36.016 	
378.237 	-198.044 	-251.742 	3.237 	21.588 	14.233 	
-312.742 	-544.414 	-797.960 	-37.734 	-10.528 	-57.378 	
15645.993 	-5355.913 	1415.987 	701.090 	-246.616 	65.075 	
2319.803 	1239.328 	218.688 	65.105 	32.099 	15.785 	
560.445 	-75.094 	585.138 	-5.284 	-17.200 	-8.123 	
902.971 	231.868 	117.351 	-14.650 	-1.908 	1.361 	
-242.032 	-165.097 	-15.877 	-25.193 	-14.999 	-2.239 	
-4936.561 	12779.693 	-21161.665 	-155.080 	400.617 	-660.481 	
7923.609 	2107.666 	15153.709 	228.689 	62.875 	440.703 	
416.863 	277.782 	-106.248 	9.323 	-20.318 	7.022 	
373.677 	-106.962 	-194.636 	11.523 	-6.735 	45.971 	
1149.821 	-240.390 	-127.815 	-0.620 	10.575 	0.810 	
-18.485 	-230.520 	175.804 	-20.863 	-2.804 	20.749 	
3076.049 	-17.095 	-939.592 	96.286 	0.722 	-32.853 	
355.273 	406.597 	201.983 	0.361 	-19.734 	-8.007 	
638.933 	-148.820 	7.668 	15.399 	37.687 	0.777 	
515.726 	44.415 	36.438 	15.434 	34.837 	3.461 	
736.709 	-66.566 	576.108 	-18.052 	-10.429 	22.872 	
1500.688 	591.892 	-337.002 	27.617 	17.133 	-5.188 	
291.933 	-56.468 	-137.947 	39.705 	18.671 	5.788 	
353.341 	-321.940 	608.190 	-19.691 	1.990 	1.940 	
440.432 	35.236 	2.486 	19.131 	-25.210 	14.083 	
-1062.858 	3765.799 	3009.417 	-57.391 	139.863 	113.297 	
2084.739 	267.970 	37.934 	50.945 	10.677 	-2.740 	
1486.684 	421.894 	5.929 	16.420 	15.674 	1.424 	
510.703 	-709.060 	-883.879 	22.988 	-41.314 	-59.461 	
1796.685 	492.021 	-99.034 	31.400 	13.779 	-7.655 	
1252.234 	1700.934 	-1158.081 	27.884 	29.848 	-18.337 	
168.319 	-89.982 	-85.841 	29.638 	-49.344 	16.575 	
-4304.714 	1556.868 	2534.260 	-106.058 	36.359 	63.029 	
-6329.680 	-2136.888 	-10773.157 	-186.075 	-60.608 	-313.427 	
1135.263 	173.102 	843.962 	10.306 	10.199 	16.107 	
769.816 	225.942 	364.026 	-3.136 	-0.633 	-18.392 	
985.369 	435.381 	-288.137 	12.546 	-3.143 	2.174 	
204.520 	-253.193 	-8.572 	6.117 	-8.651 	0.736 	
109.672 	1814.333 	936.872 	8.313 	35.280 	20.598 	
833.968 	56.715 	-64.625 	3.318 	-42.718 	-5.058 	
569.593 	-7.858 	42.395 	-6.615 	-5.003 	12.510 	
371.989 	-5.698 	37.314 	7.254 	2.256 	-23.046 	
396.332 	-86.934 	-4.782 	70.170 	29.303 	-45.579 	
577.292 	-37.234 	17.054 	-49.221 	-9.562 	-15.119 	
369.664 	94.152 	133.394 	-23.489 	-42.644 	-28.202 	
1176.203 	146.941 	1436.608 	22.634 	5.897 	46.303 	
409.822 	-154.674 	71.386 	-9.065 	-26.140 	-50.814 	
548.499 	-17.125 	162.361 	-3.100 	-10.848 	10.469 	
1418.503 	631.011 	-361.296 	27.500 	9.473 	2.765 	
-155.527 	1374.975 	-650.581 	-14.485 	42.836 	-18.703 	
63.884 	-235.833 	-200.565 	29.833 	-3.551 	-9.596 	
646.190 	410.139 	399.019 	-13.505 	7.455 	-2.707 	
310.513 	49.115 	-3.644 	-48.022 	37.793 	36.665 	
-19306.088 	-6700.219 	18284.572 	-510.356 	-177.706 	482.527 	
-586.125 	-1108.912 	-511.355 	-49.944 	-54.619 	-29.516 	
-70.250 	-320.934 	-83.566 	26.678 	-0.414 	-2.532 	
424.185 	-196.147 	-70.779 	0.640 	24.605 	-60.265 	
395.202 	-78.004 	-23.288 	-16.901 	1.941 	-32.058 	
-7827.230 	1413.467 	-2496.881 	-373.405 	57.370 	-110.098 	
230.442 	-186.855 	-83.046 	-6.712 	-18.871 	13.241 	
27.271 	-289.027 	8.246 	-32.159 	-2.193 	13.769 	
107.625 	-58.066 	-27.913 	34.576 	-27.330 	-5.709 	
572.275 	-403.390 	-234.785 	6.784 	-0.541 	2.190 	
-578.148 	-2702.648 	5315.956 	-12.523 	-68.646 	137.718 	
1068.296 	318.886 	305.879 	8.289 	-6.957 	14.339 	
737.303 	1329.262 	-286.283 	7.508 	47.143 	-14.073 	
596.442 	-61.643 	168.835 	-33.214 	35.723 	13.263 	
516.550 	86.390 	132.229 	-49.592 	-13.131 	-10.861 	
1823.243 	970.813 	353.738 	56.814 	14.567 	3.993 	
-2613.708 	-1965.798 	2444.582 	-117.609 	-75.330 	94.054 	
471.179 	-20.869 	12.349 	9.815 	31.111 	-6.638 	
602.521 	266.695 	-489.674 	-75.935 	4.855 	-108.243 	
-63417.545 	34214.518 	-3562.474 	-1650.383 	892.127 	-93.690 	
1319.929 	520.568 	99.330 	24.870 	-2.015 	-2.748 	
-842.824 	-107.032 	181.175 	-32.491 	1.885 	-3.873 	
22.985 	599.524 	474.062 	-61.125 	111.925 	77.444 	
2448.023 	-1158.869 	-724.595 	94.864 	-50.145 	-28.855 	
853.164 	-126.176 	117.571 	-6.601 	18.895 	-19.668 	
368.448 	-268.718 	-337.746 	9.943 	38.398 	10.830 	
-10612.098 	3557.397 	3505.768 	-285.372 	88.449 	87.656 	
-36045.666 	-16424.631 	-2108.162 	-1427.277 	-644.141 	-86.996 	
1502.679 	250.602 	2037.652 	60.212 	20.501 	83.483 	
-0.619 	-953.516 	-96.931 	4.431 	-17.484 	8.335 	
406.720 	-170.929 	-21.022 	2.717 	32.789 	-26.638 	
417.307 	-87.253 	-66.856 	38.098 	23.251 	-3.491 	
-3729.508 	-22875.605 	5890.886 	-135.580 	-724.951 	184.666 	
358.394 	-112.762 	-7.966 	2.323 	-47.032 	10.458 	
72942.608 	133250.420 	-32487.539 	2486.957 	4580.900 	-1118.272 	
445.552 	1187.641 	-521.878 	-13.526 	6.305 	-3.918 	
432.519 	-130.452 	725.484 	-9.479 	-11.014 	-9.806 	
1125.729 	126.732 	59.825 	59.886 	-1.957 	6.844 	
370.861 	-24.507 	-36.887 	-32.148 	22.476 	-39.162 	
290.308 	-15.850 	130.899 	5.383 	21.377 	-24.991 	
313.270 	-236.628 	-393.764 	-3.165 	31.495 	15.687 	
134.673 	-221.364 	163.354 	25.719 	22.594 	-19.341 	
590.078 	-8.129 	-112.443 	8.486 	-3.919 	-28.522 	
340.028 	-39.492 	203.685 	-33.004 	9.700 	11.467 	
-1888.400 	-2124.182 	2246.677 	-79.549 	-72.321 	68.504 	
728.198 	-854.624 	-226.570 	11.209 	-10.300 	3.521 	
-379.294 	-242.702 	-482.421 	-30.141 	-16.522 	-18.529 	
-87.382 	2040.123 	1954.587 	-20.137 	66.283 	64.410 	
354.973 	-166.556 	227.696 	-5.487 	-35.206 	11.299 	
964.190 	-140.996 	245.135 	-4.585 	1.630 	10.234 	
741.245 	-351.659 	-144.452 	-0.363 	-11.667 	-2.136 	
526.279 	54.532 	-68.271 	24.688 	14.415 	13.361 	
403.304 	-129.181 	71.821 	-17.554 	-35.221 	21.046 	
323.995 	-479.528 	-82.405 	10.982 	25.461 	16.951 	
334.935 	-88.362 	42.692 	-65.024 	8.836 	-18.613 	
-314.668 	-960.624 	-1246.734 	-11.762 	-30.087 	-52.172 	
1156.215 	161.709 	133.176 	-2.835 	14.721 	4.232 	
830.222 	203.245 	74.143 	6.067 	-26.908 	5.795 	
393.586 	309.090 	230.293 	-19.707 	19.868 	18.433 	
-1607.480 	1058.581 	-365.216 	-65.513 	34.313 	-11.989 	
505.117 	-193.859 	222.993 	2.474 	-18.810 	24.944 	
-931.213 	-5942.640 	-4211.341 	-113.751 	-484.011 	-342.041 	
601.424 	-10.226 	225.414 	25.555 	-28.652 	12.964 	
1946.295 	-254.089 	433.584 	15.437 	2.927 	7.661 	
677.560 	694.801 	819.448 	15.745 	13.615 	12.539 	
2345.570 	-6362.564 	-287.361 	52.771 	-191.873 	-7.362 	
-3847.202 	-2646.012 	-6320.584 	-247.511 	-150.442 	-372.321 	
216.791 	-843.474 	734.960 	3.142 	-11.281 	18.435 	
751.921 	-24.849 	-256.905 	10.191 	9.791 	-10.512 	
311.452 	-95.507 	-63.167 	19.795 	-11.625 	-12.408 	
2560.039 	-1496.856 	-4386.572 	51.938 	-43.098 	-122.873 	
6025.283 	3177.683 	6986.147 	331.071 	190.740 	407.005 	
-255.520 	-1476.397 	820.648 	-22.241 	-49.710 	21.266 	
321.710 	-81.492 	-148.373 	42.850 	-29.850 	-45.906 	
351.474 	-123.597 	-0.289 	-27.825 	-73.283 	12.101 	
-166.550 	-288.541 	-151.612 	10.632 	2.511 	15.919 	
383.546 	-232.357 	90.269 	0.606 	-15.324 	10.693 	
654.018 	-200.089 	-205.982 	5.779 	39.782 	7.876 	
4446.821 	-2689.518 	3099.473 	177.480 	-113.390 	134.376 	
-800.650 	-509.986 	1517.385 	-38.046 	-19.487 	53.880 	
585.272 	34.090 	36.950 	-5.170 	20.836 	54.954 	
385.903 	-253.854 	-377.984 	12.561 	16.351 	13.055 	
3993.044 	-7882.568 	2815.389 	120.134 	-273.572 	96.902 	
602.226 	5.824 	90.400 	47.425 	6.124 	40.975 	
413.014 	-423.858 	284.988 	36.536 	9.294 	13.058 	
598.161 	-46.661 	31.008 	-48.628 	-33.021 	-6.862 	
-641.455 	-913.137 	-32.624 	-1.168 	-17.946 	4.754 	
-52.758 	4317.302 	2730.473 	-21.572 	142.889 	92.444 	
-56.963 	-238.732 	-107.446 	-0.368 	-11.727 	-6.160 	
291.445 	-288.516 	-242.841 	25.450 	-17.511 	34.857 	
-1905.673 	-3515.303 	-553.898 	-70.614 	-85.705 	-12.616 	
-114.588 	-651.742 	1254.304 	-11.216 	-17.226 	34.814 	
35749.804 	20750.516 	43400.866 	912.344 	539.480 	1128.936 	
10523.001 	11222.319 	-2925.787 	387.245 	426.329 	-111.405 	
495.719 	-215.627 	34.830 	-12.083 	-31.727 	6.793 	
-116.815 	-340.090 	425.542 	5.399 	-9.120 	-2.513 	
1093.032 	-669.353 	2487.552 	30.494 	-26.949 	100.229 	
12577.642 	3687.988 	3552.567 	329.196 	100.635 	98.446 	
98.558 	-164.405 	7.515 	2.913 	5.803 	-5.012 	
372.117 	89.167 	-153.746 	-48.810 	-24.747 	8.034 	
2315.487 	-799.853 	-2217.018 	151.776 	-64.740 	-176.174 	
221.578 	-109.093 	9.642 	-5.102 	29.049 	13.170 	
361.180 	-160.420 	-67.054 	-22.067 	-15.203 	-20.305 	
-3608.688 	-6109.732 	-4044.833 	-115.710 	-162.536 	-106.967 	
141.980 	-349.825 	522.402 	10.013 	-12.902 	-3.043 	
-879.027 	-346.263 	-183.479 	-35.636 	-12.776 	-11.179 	
-9823.005 	9278.624 	-53963.674 	-802.342 	732.769 	-4232.888 	
434.451 	-50.359 	22.253 	-11.305 	10.943 	24.721 	
-27.575 	1641.898 	331.296 	-37.355 	178.223 	28.710 	
-37.689 	-504.043 	-317.706 	8.314 	-2.413 	8.875 	
-541.944 	1255.134 	-6354.769 	-33.705 	50.880 	-256.964 	
212.379 	176.183 	-1185.757 	6.561 	9.723 	-34.929 	
265.141 	41.582 	-66.269 	13.689 	37.891 	9.107 	
626.425 	49.222 	358.657 	-11.368 	9.141 	12.783 	
619.699 	-406.134 	121.191 	-30.288 	22.986 	-10.392 	
282.155 	-212.862 	138.481 	-25.739 	-5.787 	-40.809 	
-2575.636 	-2066.340 	-3470.114 	-128.389 	-88.059 	-164.972 	
1418.321 	350.592 	-1185.155 	65.511 	22.317 	-76.894 	
-866.343 	-542.726 	77.650 	-27.602 	-17.529 	-7.880 	
511.428 	-92.840 	-13.994 	-12.142 	17.546 	44.976 	
225.937 	110.437 	-116.266 	-17.418 	-26.942 	23.469 	
346.610 	-122.857 	-49.694 	-14.177 	4.164 	-38.665 	
412.511 	-74.884 	119.684 	54.946 	34.135 	-1.771 	
-4342.031 	-3363.505 	331.143 	-179.120 	-128.012 	10.002 	
553.676 	-206.708 	-258.850 	-5.177 	-17.138 	-24.314 	
432.123 	184.499 	-239.686 	-32.230 	-10.998 	-9.821 	
179.766 	-116.537 	-95.305 	-38.554 	-48.603 	-16.751 	
375.317 	-89.662 	15.851 	32.888 	-29.049 	-23.536 	
280.376 	-160.344 	54.797 	6.205 	20.349 	9.943 	
402.140 	-83.847 	-5.666 	47.493 	41.064 	54.491 	
1355.211 	864.684 	617.453 	0.066 	9.527 	6.543 	
613.347 	74.786 	32.794 	28.792 	7.159 	-23.931 	
308.980 	92.237 	-166.582 	-0.402 	14.194 	15.480 	
370.838 	-271.479 	237.395 	-34.439 	-3.761 	-7.210 	
-931.228 	2631.179 	1997.039 	-59.672 	124.418 	95.065 	
335.780 	-149.750 	61.905 	71.703 	-23.365 	1.953 	
-1868.355 	9084.454 	5242.667 	-74.826 	276.703 	160.912 	
110.729 	-803.344 	173.142 	-7.219 	1.060 	0.327 	
667.561 	-507.234 	-91.234 	3.563 	-43.134 	-9.097 	
126.144 	-157.801 	-103.154 	51.115 	-24.143 	5.725 	
563.535 	-228.418 	229.912 	-7.496 	7.564 	16.892 	
-333.570 	-563.380 	871.656 	-10.008 	-19.485 	19.114 	
9412.977 	-2462.905 	-2314.196 	216.485 	-61.474 	-57.526 	
-3845.348 	-221.801 	-2909.816 	-172.239 	-10.669 	-118.628 	
1231.382 	-170.088 	-0.823 	11.773 	-9.910 	-18.162 	
8662.234 	245.292 	2490.409 	223.564 	6.006 	70.827 	
240.218 	190.652 	-76.034 	-106.599 	13.706 	7.524 	
1797.015 	-5002.552 	11243.719 	28.436 	-139.448 	309.161 	
363.675 	141.932 	85.778 	-16.269 	32.329 	9.843 	
-4999.324 	-439.530 	-1035.963 	-139.527 	-10.306 	-19.701 	
425.971 	-122.786 	16.632 	32.468 	14.540 	-19.558 	
283.703 	-259.287 	-14.241 	-19.166 	13.021 	41.207 	
255.117 	-30.322 	38.776 	10.438 	-0.203 	10.308 	
-3738.301 	-4331.265 	7045.974 	-162.119 	-167.442 	278.039 	
-44.963 	269.504 	1591.698 	-8.678 	17.433 	53.134 	
381.906 	-139.320 	-144.309 	-18.694 	-25.809 	-2.434 	
-939.818 	-2374.583 	-3064.029 	-51.557 	-88.779 	-114.387 	
434.566 	-77.019 	3.174 	-71.808 	70.498 	-79.965 	
494.176 	-46.309 	-17.795 	70.594 	24.233 	10.971 	
183.159 	12.479 	-215.815 	12.520 	-32.986 	-49.748 	
-698.558 	-1082.070 	1010.249 	-34.155 	-38.784 	37.035 	
748.629 	473.093 	105.770 	-19.494 	-0.212 	3.630 	
252.911 	-135.296 	-174.715 	35.374 	-5.875 	11.480 	
548.286 	-167.726 	-62.850 	-29.110 	-16.193 	-9.721 	
538.323 	-513.679 	12.947 	10.724 	15.567 	23.296 	
-1475.191 	-178.973 	2580.165 	-55.563 	-8.980 	66.906 	
-5091.029 	5962.958 	-8719.990 	-161.620 	162.651 	-241.164 	
711.865 	204.163 	399.123 	27.489 	7.626 	-7.456 	
320.687 	85.339 	64.741 	56.713 	-5.807 	-1.397 	
352.364 	-45.521 	-16.880 	4.148 	24.537 	-12.093 	
946.685 	273.655 	633.813 	67.880 	59.652 	48.390 	
616.918 	-1880.472 	-222.483 	28.855 	-188.947 	-29.763 	
292.068 	-41.412 	9.303 	21.795 	34.730 	3.566 	
360.951 	-122.968 	71.700 	35.469 	47.086 	-46.022 	
-1404.048 	-577.568 	-193.619 	-111.504 	-40.045 	-6.730 	
-9768.915 	2749.403 	-3444.892 	-289.860 	77.880 	-96.732 	
1388.402 	4992.669 	4058.521 	76.433 	411.584 	335.068 	
-347.592 	-809.231 	442.070 	-10.481 	-15.364 	12.376 	
-846.911 	501.475 	-484.911 	-32.717 	14.939 	-20.566 	
916.477 	980.001 	-717.058 	-8.881 	14.931 	-4.448 	
-557.689 	-442.153 	622.824 	-28.048 	-18.008 	20.370 	
-501.115 	182.552 	-1550.475 	-30.629 	4.572 	-55.867 	
-11.060 	-755.882 	280.095 	-6.016 	-0.590 	1.879 	
-38976.944 	-21757.249 	-43990.612 	-1033.690 	-567.478 	-1146.858 	
285.883 	-36.123 	-55.640 	-67.616 	-1.399 	-6.631 	
431.056 	57.295 	271.359 	-14.544 	-9.217 	19.957 	
-84.181 	-510.228 	-302.119 	12.163 	-23.182 	18.504 	
-3297.472 	165.913 	170.077 	-93.408 	-1.393 	5.539 	
-3198.582 	-571.965 	-5744.677 	-105.288 	-17.202 	-156.905 	
240.062 	-267.325 	95.709 	-12.312 	-14.553 	-0.622 	
432.279 	-1160.934 	553.851 	14.368 	-32.538 	20.392 	
1035.784 	7.791 	-2.776 	22.128 	-10.338 	-6.734 	
8.415 	-1246.470 	-1048.955 	-5.702 	-41.559 	-35.622 	
538.482 	-58.254 	115.144 	-4.786 	6.841 	10.453 	
-2261.768 	811.959 	-935.074 	-72.740 	15.396 	-18.459 	
1194.372 	-189.148 	439.262 	15.152 	-6.278 	20.615 	
349.258 	234.165 	-138.652 	-28.292 	29.903 	-16.262 	
33062.009 	15301.766 	-360.995 	1283.460 	600.319 	-18.481 	
301.846 	-108.957 	-156.970 	-8.766 	-3.646 	-6.408 	
260.725 	135.014 	-231.112 	-38.765 	3.064 	-13.984 	
183.917 	112.995 	309.077 	-15.764 	-16.063 	-1.324 	
-1111.042 	-430.577 	-691.002 	-33.413 	-19.451 	-9.454 	
-9205.834 	-1866.921 	-542.151 	-273.778 	-51.579 	-12.414 	
-3617.266 	4722.355 	-2585.262 	-141.652 	159.755 	-88.700 	
329.475 	607.221 	-1191.572 	6.801 	17.543 	-41.319 	
644.367 	5.573 	78.479 	24.666 	-24.355 	-3.734 	
-36.526 	186.355 	-342.099 	-54.709 	6.579 	-28.530 	
391.063 	625.024 	-333.155 	20.626 	9.509 	0.564 	
386.227 	83.203 	162.864 	13.996 	9.933 	31.320 	
529.592 	-85.411 	48.432 	-43.129 	50.431 	-5.851 	
356.468 	70.664 	6.022 	-20.826 	29.379 	43.820 	
152.623 	-220.057 	-150.678 	-33.810 	6.848 	3.594 	
467.581 	-146.689 	2.592 	-23.264 	-6.490 	-27.648 	
5485.213 	2584.394 	108.805 	122.711 	63.258 	2.527 	
-612.657 	137.469 	-1357.234 	-24.484 	2.929 	-44.771 	
-5.011 	-475.243 	-278.184 	3.478 	-0.385 	14.655 	
434.486 	-4.210 	51.826 	-20.184 	-54.119 	8.148 	
389.360 	-141.041 	-377.223 	10.504 	-9.526 	34.056 	
296.763 	-28.600 	10.544 	13.636 	-21.389 	-3.414 	
-1988.903 	-2405.041 	-492.949 	-62.699 	-49.279 	-11.249 	
218.258 	-478.788 	802.188 	6.564 	-5.213 	13.783 	
258.462 	-167.140 	115.689 	30.697 	-10.083 	-20.485 	
-4828.164 	-2378.784 	-564.685 	-136.671 	-54.693 	-14.430 	
400.367 	29.804 	124.812 	40.244 	-7.979 	-2.762 	
288.509 	1452.695 	-643.595 	4.737 	48.573 	-22.688 	
-72302.025 	-133299.369 	32014.108 	-2508.042 	-4585.819 	1099.951 	
2929.550 	5739.635 	3150.402 	108.668 	256.684 	140.832 	
59.978 	-828.678 	138.753 	13.532 	-24.918 	-12.234 	
2020.872 	2407.032 	-665.058 	40.974 	75.918 	-23.200 	
207.081 	-898.756 	-154.330 	-6.670 	-5.831 	3.083 	
11688.632 	-138.189 	1766.364 	311.780 	-2.203 	48.361 	
3608.470 	22599.077 	-7027.799 	97.249 	717.831 	-225.263 	
443.841 	-274.441 	46.169 	-12.091 	-6.794 	5.540 	
136.052 	145.007 	-228.287 	-32.114 	37.666 	-28.327 	
2781.134 	1597.016 	-5958.052 	94.596 	66.350 	-233.216 	
-1188.601 	257.497 	-716.535 	-36.559 	14.648 	-25.891 	
599.872 	6.258 	-47.057 	-17.463 	7.390 	-11.156 	
691.017 	-120.187 	-182.378 	-0.079 	-7.544 	6.668 	
10697.749 	-9054.782 	54736.726 	804.820 	-703.078 	4280.343 	
-1250.798 	-917.639 	961.729 	-50.106 	-18.523 	23.687 	
67.254 	333.114 	-83.390 	9.128 	26.284 	-24.688 	
-2124.200 	-2057.285 	7.919 	-87.295 	-63.974 	0.290 	
-1771.533 	-4075.486 	-1184.026 	-102.645 	-181.120 	-52.999 	
-607.831 	-45.787 	-530.766 	-26.403 	2.007 	14.830 	
5385.955 	5001.053 	3106.424 	205.092 	204.145 	124.735 	
105.999 	-692.183 	180.425 	4.813 	-3.465 	15.830 	
679.564 	71.046 	15.185 	6.203 	-1.435 	-20.289 	
-3724.749 	-2506.532 	-2047.782 	-160.776 	-97.223 	-81.466 	
-1574.423 	-2322.143 	-2505.036 	-75.300 	-86.807 	-90.068 	
227.372 	-193.321 	-178.611 	-6.433 	-32.457 	-18.680 	
73.400 	282.903 	53.965 	37.575 	6.566 	-3.658 	
522.085 	-288.148 	-150.723 	0.134 	9.310 	-4.339 	
3833.656 	7430.160 	-2422.276 	140.025 	301.832 	-99.130 	
-792.651 	336.366 	-3168.944 	-50.646 	13.524 	-137.147 	
123.765 	120.163 	-54.697 	-8.260 	4.264 	-7.211 	
135.333 	-574.500 	1763.326 	-14.331 	-5.604 	32.360 	
459.438 	33.012 	154.051 	34.591 	-20.559 	24.623 	
290.926 	-193.023 	-116.205 	24.930 	-6.038 	-28.434 	
461.040 	-289.008 	-85.890 	31.277 	25.028 	32.203 	
224.391 	-90.996 	-50.693 	-29.716 	-15.548 	28.110 	
402.019 	80.401 	-85.885 	-2.156 	-32.135 	-27.112 	
265.074 	14.552 	-56.536 	0.389 	-44.415 	-19.806 	
703.464 	121.344 	-82.210 	61.873 	-9.880 	6.688 	
810.481 	-8.359 	-448.761 	-0.676 	-11.519 	-10.723 	
-1460.541 	-480.456 	-477.907 	-38.160 	-12.326 	-23.256 	
327.623 	55.899 	-13.379 	-32.669 	-53.082 	-11.082 	
-1321.282 	-1301.471 	-57.311 	-55.789 	-48.694 	-6.831 	
258.005 	-118.146 	-106.658 	-2.687 	11.098 	-43.164 	
443.558 	-83.681 	4.420 	63.588 	-27.362 	-61.465 	
-641.530 	-2152.356 	-704.533 	-31.623 	-70.747 	-19.557 	
-12241.288 	-588.167 	-2226.111 	-358.804 	-18.766 	-60.579 	
