## Las primeras 200 lineas corresponden a la esfera 1 
##las siguienets 250 lineas a la esfera 2
## Las primeras tres columnas corresponden a la posición en 'x', 'y' y 'z', dadas en kpc, las siguientes tres a las velocidades, dadas en km/s
2012.953 	1768.506 	53.616 	45.818 	49.819 	2.630 	
1027.209 	-115.620 	-46.641 	-13.143 	6.877 	8.586 	
449.588 	-35.997 	91.402 	-41.869 	-19.010 	-58.448 	
-1846.223 	465.794 	1946.915 	-134.010 	26.087 	115.704 	
-1674.389 	694.492 	265.618 	-29.025 	10.202 	4.264 	
1255.851 	165.807 	195.382 	-3.546 	0.559 	6.015 	
792.791 	-262.635 	84.242 	-25.349 	21.791 	-4.794 	
1764.572 	284.134 	550.582 	35.051 	8.080 	15.244 	
467.583 	-65.693 	-77.308 	8.701 	-24.119 	33.192 	
594.868 	-135.894 	99.249 	14.019 	15.785 	25.202 	
-232.500 	93.814 	-604.125 	21.237 	7.609 	0.060 	
-1085.657 	-4506.137 	-4508.175 	-25.282 	-97.653 	-97.629 	
-19179.115 	6552.015 	-2103.834 	-752.470 	251.410 	-80.912 	
1190.711 	838.389 	-534.109 	20.964 	15.123 	-2.583 	
394.137 	-172.174 	-124.567 	20.390 	25.330 	36.049 	
4231.417 	-1783.032 	-1319.017 	94.782 	-38.248 	-24.571 	
-70.212 	1429.180 	959.444 	2.533 	26.238 	20.636 	
39.843 	178.111 	38.021 	-11.859 	24.208 	-0.004 	
583.297 	-67.291 	-162.206 	-1.301 	-1.082 	-14.140 	
449.967 	543.816 	35.906 	-2.588 	-13.491 	-0.566 	
1621.960 	625.760 	-142.865 	28.597 	4.669 	0.630 	
461.951 	-969.546 	-444.523 	16.698 	-34.837 	-10.154 	
248.727 	-103.318 	-95.304 	10.055 	11.965 	-0.631 	
671.983 	1227.964 	-252.957 	3.910 	36.928 	2.388 	
565.803 	-455.998 	173.982 	28.271 	-25.053 	16.307 	
2197.942 	748.441 	-66.305 	46.407 	16.205 	-0.936 	
1070.866 	-126.594 	35.240 	-9.745 	15.708 	8.981 	
1521.132 	734.555 	-5.786 	18.667 	13.158 	-10.246 	
253.673 	-21.518 	7.961 	6.288 	-29.946 	43.779 	
417.103 	-66.655 	-66.292 	45.253 	38.201 	56.720 	
609.466 	-182.179 	115.254 	7.394 	42.073 	-5.071 	
-156.537 	-2086.327 	-1917.823 	-36.480 	-100.531 	-88.502 	
2728.420 	370.752 	2043.487 	139.668 	15.027 	147.590 	
2017.268 	274.961 	-350.869 	36.650 	10.356 	-4.907 	
431.536 	-27.161 	15.114 	-24.665 	-4.849 	38.704 	
52.104 	-462.681 	88.407 	25.717 	-1.533 	0.415 	
204.783 	-247.963 	-69.053 	34.763 	-24.081 	-9.212 	
220.225 	501.532 	86.845 	-16.886 	-10.811 	9.503 	
425.646 	-228.239 	353.394 	17.749 	0.625 	-18.206 	
394.146 	-56.355 	4.042 	-38.983 	1.321 	-18.456 	
1176.995 	-401.910 	845.377 	2.752 	-7.289 	19.365 	
432.723 	-25.199 	70.578 	21.248 	-7.306 	6.986 	
582.037 	81.874 	120.366 	50.875 	44.778 	19.931 	
357.719 	49.625 	-41.049 	18.647 	26.892 	15.846 	
1130.709 	571.293 	-377.173 	10.393 	-1.370 	0.372 	
369.554 	63.069 	-37.264 	-2.264 	-18.902 	26.694 	
4352.219 	5777.359 	-5911.754 	104.174 	136.687 	-138.091 	
387.176 	-68.458 	-11.104 	-20.013 	6.690 	-7.697 	
399.781 	-109.128 	-162.253 	-2.137 	27.759 	36.000 	
-381.729 	-880.341 	-253.570 	14.680 	-11.125 	-6.589 	
566.254 	821.855 	-56.185 	-6.121 	0.008 	-10.781 	
1958.600 	-7233.694 	-7581.465 	44.648 	-166.417 	-172.319 	
649.662 	-37.546 	63.845 	5.544 	-30.987 	11.078 	
390.889 	-168.950 	4.737 	-42.578 	-8.102 	-6.244 	
8299.872 	2509.958 	-503.617 	258.688 	81.338 	-17.499 	
462.604 	27.081 	-86.038 	1.191 	0.156 	-35.264 	
313.923 	-259.765 	40.013 	60.745 	9.417 	1.180 	
654.630 	44.903 	-176.825 	-33.906 	-19.712 	-20.674 	
-2195.013 	811.721 	401.194 	-83.442 	18.647 	7.140 	
-11576.648 	-15338.115 	4266.316 	-389.590 	-501.802 	139.332 	
1620.707 	-1307.045 	-192.771 	120.515 	-121.201 	-20.233 	
10699.145 	-1523.324 	2433.722 	503.310 	-74.640 	121.372 	
9221.767 	-4042.519 	-6213.815 	239.730 	-106.536 	-159.170 	
452.117 	-399.464 	-97.374 	5.571 	-4.779 	15.340 	
131.637 	826.416 	833.424 	-14.815 	15.796 	12.461 	
-10983.627 	-616.650 	-2218.691 	-554.434 	-30.678 	-105.592 	
972.874 	-2327.690 	4492.866 	23.750 	-54.211 	104.358 	
450.748 	63.691 	-45.300 	46.052 	-6.807 	20.694 	
469.656 	296.465 	-297.181 	-36.963 	23.236 	-15.979 	
379.133 	19.822 	302.054 	1.881 	-23.015 	4.899 	
542.611 	-51.150 	131.124 	-8.693 	-5.709 	4.012 	
15.813 	-584.647 	-763.790 	7.275 	-15.978 	-9.942 	
632.291 	338.832 	219.293 	-7.961 	-23.462 	-12.155 	
1214.292 	-1638.599 	-739.007 	53.694 	-105.614 	-49.937 	
-255.588 	3232.747 	289.981 	0.007 	71.338 	5.483 	
307.705 	-95.686 	-29.618 	-11.410 	-53.293 	-42.137 	
274.791 	-4267.662 	355.708 	-5.624 	-135.992 	9.708 	
1821.215 	1420.623 	262.339 	43.565 	42.377 	2.959 	
434.540 	200.980 	28.819 	15.534 	-19.858 	19.130 	
330.172 	-41.372 	-17.823 	-16.410 	23.546 	33.616 	
1091.066 	759.198 	257.381 	12.599 	21.035 	13.170 	
-3806.299 	1450.534 	-1504.423 	-81.248 	32.167 	-33.251 	
145.093 	-636.597 	77.896 	-15.089 	15.284 	-6.315 	
-6477.326 	4149.213 	9477.945 	-167.152 	105.636 	246.678 	
506.355 	219.406 	-216.535 	-1.929 	-34.871 	18.318 	
394.838 	-170.574 	4.089 	-31.160 	11.821 	-7.237 	
-445.339 	-427.288 	-4407.673 	-6.175 	-7.553 	-97.759 	
-27.157 	-193.065 	-37.412 	-1.155 	9.799 	-7.115 	
9697.364 	-983.373 	4807.296 	341.700 	-41.028 	180.446 	
408.147 	-64.924 	-18.241 	0.719 	-12.032 	23.321 	
953.296 	-561.783 	-355.765 	12.785 	-19.830 	-6.201 	
21.180 	1178.869 	934.501 	-21.302 	35.061 	24.466 	
-229.332 	-981.458 	363.137 	-15.511 	-30.847 	19.214 	
-126.880 	-78.941 	-918.689 	19.749 	-2.628 	-2.486 	
608.064 	169.113 	159.836 	-23.347 	-31.019 	-5.910 	
1583.426 	670.466 	1044.974 	34.609 	17.569 	28.304 	
522.126 	34.299 	68.461 	3.667 	-17.843 	6.397 	
9393.778 	-18491.716 	24304.486 	257.719 	-507.542 	669.109 	
11115.790 	-6042.453 	-6970.163 	353.092 	-199.926 	-230.118 	
477.561 	-128.572 	33.093 	10.367 	-1.574 	21.543 	
1757.335 	689.557 	-675.650 	29.696 	12.449 	-14.968 	
83.473 	-67.016 	-337.763 	-5.475 	28.304 	1.457 	
140.575 	-87.619 	3.145 	-3.576 	-50.890 	-20.901 	
443.431 	-99.747 	-64.413 	72.999 	-55.659 	-41.115 	
7146.609 	584.181 	138.614 	173.581 	11.359 	2.120 	
949.149 	797.717 	197.174 	9.660 	8.960 	-3.833 	
722.735 	-786.041 	272.690 	-18.799 	-17.054 	6.670 	
-782.800 	8475.209 	998.142 	-19.171 	188.430 	22.924 	
-1367.160 	-601.055 	-26.125 	-46.573 	-10.464 	3.525 	
119.635 	-180.922 	-127.604 	18.147 	-7.767 	20.690 	
145.065 	-86.870 	274.463 	24.952 	-7.987 	17.893 	
528.396 	-2.578 	66.038 	8.879 	17.911 	-13.299 	
1058.929 	-671.757 	693.621 	8.567 	-12.454 	11.075 	
493.564 	-262.652 	74.866 	-16.334 	2.891 	-0.268 	
589.723 	643.083 	17.702 	-0.880 	-6.940 	-8.955 	
-155.449 	1478.015 	-426.853 	-35.406 	99.656 	-27.774 	
444.621 	-37.374 	593.038 	-18.931 	5.793 	-7.489 	
5011.343 	2115.130 	3043.970 	151.838 	69.041 	100.347 	
2567.290 	751.427 	-348.422 	57.126 	22.725 	-10.557 	
220.652 	-102.317 	-96.248 	-11.874 	6.412 	-41.401 	
1526.914 	546.569 	65.093 	10.786 	7.678 	-5.165 	
71047.974 	-37497.797 	-3379.286 	1665.267 	-877.332 	-79.981 	
549.120 	-239.886 	-412.802 	-1.020 	-11.093 	2.659 	
1683.243 	1389.790 	594.937 	31.620 	42.008 	15.690 	
-3575.701 	7543.868 	7307.819 	-131.844 	248.106 	240.733 	
22180.103 	7860.498 	-19291.259 	524.898 	185.459 	-457.088 	
541.064 	-3.292 	17.546 	-2.450 	39.818 	7.832 	
1530.785 	2138.288 	-2095.836 	34.791 	41.480 	-37.690 	
333.178 	21.910 	92.148 	16.077 	-12.746 	18.258 	
395.133 	-112.796 	-102.248 	-2.237 	21.898 	52.372 	
-470.585 	-586.871 	-1038.879 	-35.956 	-9.366 	-55.042 	
18655.018 	-6414.367 	1695.286 	701.066 	-246.607 	65.073 	
2596.856 	1375.575 	286.098 	64.042 	31.422 	15.629 	
526.362 	-143.195 	533.851 	-9.481 	-14.811 	-16.606 	
818.214 	207.257 	116.750 	-24.836 	-10.005 	-1.492 	
-329.042 	-228.830 	-26.658 	-15.787 	-14.524 	-2.658 	
-5602.159 	14499.128 	-23996.432 	-155.078 	400.611 	-660.472 	
8905.120 	2377.517 	17045.161 	228.679 	62.872 	440.682 	
447.421 	140.564 	-59.571 	4.866 	-45.999 	15.624 	
413.015 	-113.277 	66.443 	6.025 	4.307 	56.087 	
1131.724 	-187.806 	-117.300 	-7.802 	13.817 	4.066 	
-83.581 	-235.958 	248.781 	-10.074 	-0.047 	13.664 	
3487.772 	-13.950 	-1080.009 	95.603 	0.742 	-32.592 	
361.877 	293.283 	158.106 	2.542 	-33.535 	-12.984 	
636.649 	34.549 	15.459 	-17.459 	44.280 	4.819 	
540.847 	104.307 	37.935 	-2.195 	-6.574 	-1.981 	
649.894 	-110.212 	657.192 	-22.143 	-9.924 	14.854 	
1609.248 	663.958 	-356.314 	22.768 	16.342 	-3.687 	
481.940 	-11.427 	-23.485 	39.711 	1.617 	42.439 	
270.912 	-306.493 	599.234 	-18.487 	5.089 	-6.135 	
488.928 	-138.632 	61.887 	-2.355 	-36.102 	4.521 	
-1309.004 	4365.696 	3495.359 	-57.312 	139.688 	113.150 	
2298.727 	313.811 	25.868 	48.853 	10.682 	-2.874 	
1548.868 	490.572 	14.394 	12.484 	16.506 	2.696 	
608.163 	-882.249 	-1132.919 	22.451 	-39.527 	-56.798 	
1925.810 	549.813 	-131.303 	28.840 	13.159 	-7.390 	
1371.055 	1827.103 	-1235.384 	27.492 	28.971 	-17.704 	
340.321 	-285.655 	-11.901 	44.926 	-31.463 	17.301 	
-4759.526 	1712.782 	2804.563 	-105.883 	36.296 	62.930 	
-7128.264 	-2397.002 	-12118.305 	-186.053 	-60.601 	-313.390 	
1174.785 	215.880 	906.284 	8.202 	9.748 	13.024 	
739.648 	209.770 	278.166 	-10.105 	-6.937 	-22.366 	
1031.231 	414.894 	-273.213 	8.804 	-6.382 	4.737 	
268.919 	-223.939 	-9.355 	23.954 	25.480 	-3.912 	
145.716 	1963.234 	1023.957 	8.471 	34.139 	19.999 	
812.311 	-126.674 	-77.748 	-13.452 	-41.584 	-0.786 	
454.898 	-34.663 	91.567 	-48.320 	1.041 	20.087 	
415.430 	-90.585 	-48.222 	-52.664 	-13.609 	31.827 	
649.544 	41.668 	-124.811 	45.273 	23.589 	-16.966 	
296.330 	-102.629 	-6.710 	-64.584 	-17.474 	-10.174 	
315.997 	-124.261 	-25.396 	9.465 	-36.103 	-11.064 	
1271.633 	171.907 	1631.503 	21.866 	5.743 	44.584 	
356.400 	-163.035 	-159.225 	-10.551 	17.471 	-45.044 	
517.789 	-36.110 	145.339 	-10.600 	2.421 	-23.222 	
1536.807 	666.391 	-345.202 	27.965 	7.178 	4.533 	
-215.987 	1555.410 	-729.117 	-13.718 	41.298 	-17.901 	
227.390 	-226.379 	-206.903 	46.267 	7.553 	7.931 	
584.560 	427.356 	373.140 	-15.148 	0.446 	-9.266 	
160.154 	149.795 	125.221 	-26.045 	14.320 	25.029 	
-21496.524 	-7462.928 	20355.565 	-510.350 	-177.703 	482.521 	
-797.607 	-1339.911 	-636.236 	-48.688 	-53.127 	-28.734 	
70.600 	-297.791 	-91.386 	39.380 	11.784 	-1.863 	
381.092 	-47.964 	-267.856 	-14.901 	30.777 	-28.810 	
362.930 	-108.471 	-120.443 	7.840 	-14.586 	-9.789 	
-9429.713 	1659.658 	-2969.368 	-373.329 	57.352 	-110.074 	
250.529 	-202.374 	-15.019 	16.287 	6.344 	15.649 	
-79.761 	-277.095 	55.305 	-18.105 	6.110 	8.347 	
323.092 	-170.123 	-42.504 	57.354 	-9.562 	-0.273 	
585.662 	-377.334 	-206.411 	-0.786 	12.856 	11.019 	
-631.835 	-2997.103 	5906.686 	-12.496 	-68.568 	137.558 	
1093.580 	282.632 	360.305 	3.555 	-9.856 	10.973 	
768.452 	1526.101 	-345.684 	7.032 	44.694 	-13.616 	
405.347 	58.800 	148.417 	-46.001 	16.583 	-22.166 	
302.207 	-40.151 	21.668 	-42.212 	-42.684 	-43.341 	
2063.638 	1031.172 	369.683 	55.271 	13.602 	3.462 	
-3117.937 	-2288.806 	2847.813 	-117.367 	-75.193 	93.855 	
441.846 	8.571 	-6.267 	-15.977 	-14.880 	-10.044 	
274.323 	280.242 	-939.801 	-76.503 	2.009 	-102.237 	
-70500.988 	38043.528 	-3964.593 	-1650.381 	892.127 	-93.690 	
1422.847 	507.646 	85.503 	23.309 	-3.839 	-3.741 	
-976.042 	-99.541 	163.192 	-29.679 	1.619 	-4.472 	
-235.214 	1074.178 	802.320 	-59.402 	109.617 	75.800 	
2853.550 	-1373.110 	-847.846 	94.145 	-49.713 	-28.593 	
792.414 	-39.131 	25.397 	-23.091 	21.268 	-22.964 	
419.199 	-84.018 	-244.440 	11.648 	43.500 	38.743 	
-11836.819 	3936.988 	3881.956 	-285.329 	88.434 	87.641 	
-42171.535 	-19189.283 	-2481.548 	-1427.273 	-644.140 	-86.996 	
1760.113 	338.332 	2393.937 	59.771 	20.384 	82.594 	
22.851 	-1017.636 	-59.451 	6.474 	-12.416 	9.093 	
400.688 	15.542 	-61.857 	-9.545 	17.100 	5.556 	
517.404 	0.126 	3.883 	7.188 	14.190 	22.091 	
-4311.416 	-25987.070 	6683.468 	-135.578 	-724.939 	184.663 	
404.794 	-255.414 	28.578 	12.107 	-13.903 	7.642 	
83616.632 	152911.654 	-37287.166 	2486.957 	4580.900 	-1118.272 	
387.932 	1209.476 	-536.035 	-13.300 	3.904 	-2.705 	
393.222 	-175.787 	664.906 	-8.792 	-9.999 	-18.532 	
1368.388 	117.723 	92.516 	53.363 	-2.204 	8.000 	
295.512 	56.241 	-126.377 	-5.406 	9.224 	-7.760 	
366.808 	45.292 	-39.212 	23.396 	10.316 	-51.214 	
316.324 	-92.136 	-275.056 	4.946 	34.919 	41.800 	
288.013 	-110.907 	36.277 	47.840 	27.908 	-43.125 	
574.907 	-45.193 	-176.095 	-12.989 	-15.188 	0.562 	
225.672 	-3.320 	194.985 	-19.883 	6.281 	-13.055 	
-2229.344 	-2434.064 	2540.144 	-79.334 	-72.089 	68.258 	
771.391 	-887.819 	-208.398 	8.907 	-5.223 	4.908 	
-499.971 	-311.768 	-556.246 	-26.300 	-15.655 	-15.993 	
-173.563 	2323.564 	2229.989 	-20.025 	65.816 	63.943 	
338.692 	-299.296 	226.028 	-2.367 	-25.370 	-10.587 	
926.095 	-129.406 	277.771 	-13.271 	3.779 	4.798 	
716.458 	-381.764 	-144.301 	-11.089 	-2.089 	2.197 	
589.863 	49.245 	23.479 	5.963 	-16.741 	28.544 	
332.813 	-241.943 	62.781 	-10.790 	-16.638 	-18.842 	
375.530 	-323.818 	-6.247 	12.499 	51.016 	17.967 	
131.639 	-45.816 	-67.795 	-31.084 	7.022 	-25.616 	
-363.645 	-1087.771 	-1467.488 	-11.100 	-29.203 	-50.760 	
1133.515 	218.591 	146.973 	-7.777 	11.838 	2.614 	
832.914 	75.720 	95.537 	-5.923 	-32.367 	3.645 	
312.843 	372.105 	288.725 	-17.478 	9.597 	9.161 	
-1886.817 	1204.629 	-416.299 	-64.688 	33.768 	-11.823 	
514.441 	-248.246 	286.083 	1.014 	-5.456 	5.204 	
-1419.399 	-8019.813 	-5679.240 	-113.737 	-483.924 	-341.981 	
676.538 	-126.847 	233.343 	9.747 	-24.957 	-7.172 	
2008.032 	-240.352 	465.061 	13.366 	3.461 	7.014 	
743.882 	748.235 	867.371 	15.167 	11.344 	9.874 	
2571.964 	-7185.775 	-318.946 	52.726 	-191.735 	-7.356 	
-4909.404 	-3291.635 	-7918.409 	-247.461 	-150.410 	-372.243 	
231.159 	-885.818 	807.927 	3.539 	-8.517 	15.623 	
770.051 	12.556 	-278.467 	-1.700 	7.430 	0.540 	
433.012 	-123.983 	-97.899 	15.259 	3.457 	6.635 	
2782.728 	-1681.681 	-4913.484 	51.836 	-43.029 	-122.666 	
7446.152 	3996.289 	8732.895 	331.032 	190.718 	406.954 	
-349.789 	-1686.554 	910.109 	-21.709 	-48.281 	20.462 	
482.293 	-220.214 	-256.314 	27.420 	-28.063 	-9.047 	
285.151 	-341.168 	28.632 	-10.334 	-32.145 	2.798 	
-90.990 	-269.629 	-76.660 	25.437 	6.462 	18.518 	
390.975 	-234.761 	78.696 	1.833 	12.449 	-20.951 	
648.007 	-17.624 	-134.012 	-11.717 	42.996 	25.669 	
5208.285 	-3175.995 	3675.993 	177.356 	-113.305 	134.278 	
-962.195 	-593.086 	1746.252 	-37.268 	-19.245 	52.817 	
514.480 	67.786 	233.120 	-24.048 	-2.590 	33.671 	
425.698 	-154.562 	-256.534 	6.822 	30.175 	45.572 	
4508.590 	-9056.584 	3231.235 	120.103 	-273.503 	96.876 	
754.300 	16.569 	229.725 	26.152 	0.282 	25.811 	
565.208 	-359.383 	318.282 	33.590 	20.471 	2.249 	
302.264 	-148.892 	-61.629 	-68.914 	-12.958 	-30.773 	
-641.458 	-985.794 	-12.346 	1.115 	-15.939 	4.707 	
-145.316 	4930.132 	3126.975 	-21.560 	142.688 	92.324 	
-26.160 	-283.476 	-122.271 	14.657 	-8.091 	-0.396 	
407.568 	-307.804 	-61.449 	26.594 	10.510 	48.978 	
-2208.333 	-3882.473 	-607.980 	-70.427 	-85.400 	-12.585 	
-161.217 	-723.833 	1399.306 	-10.536 	-16.395 	32.828 	
39665.582 	23065.965 	48246.259 	912.342 	539.480 	1128.935 	
12185.015 	13052.078 	-3403.923 	387.226 	426.308 	-111.399 	
424.929 	-289.082 	49.735 	-21.705 	0.923 	-0.707 	
-81.721 	-373.910 	403.524 	10.967 	-6.517 	-7.792 	
1223.464 	-784.574 	2916.104 	30.296 	-26.753 	99.508 	
13990.469 	4119.886 	3975.074 	329.158 	100.622 	98.435 	
183.585 	-127.159 	-34.845 	37.804 	11.159 	-11.998 	
195.683 	-60.953 	-48.023 	-26.557 	-42.693 	37.451 	
2966.149 	-1077.393 	-2972.235 	151.451 	-64.602 	-175.781 	
281.801 	2.038 	16.857 	31.074 	17.039 	-10.008 	
305.809 	-143.364 	-122.114 	4.061 	21.334 	4.672 	
-4105.207 	-6807.167 	-4503.831 	-115.661 	-162.460 	-106.919 	
192.582 	-397.027 	493.771 	13.516 	-8.867 	-10.250 	
-1026.309 	-400.377 	-230.410 	-33.092 	-12.436 	-10.699 	
-13266.659 	12423.672 	-72131.233 	-802.342 	732.769 	-4232.886 	
455.914 	-64.483 	33.891 	7.506 	-0.065 	-15.290 	
-187.035 	2403.906 	454.051 	-36.995 	176.993 	28.513 	
5.771 	-500.693 	-256.277 	12.966 	4.409 	19.617 	
-686.566 	1473.438 	-7457.340 	-33.687 	50.848 	-256.823 	
241.258 	216.726 	-1329.210 	6.875 	9.193 	-32.007 	
370.832 	114.724 	-26.005 	32.006 	-5.171 	8.467 	
565.260 	79.603 	382.235 	-16.759 	4.772 	-1.871 	
464.476 	-264.787 	61.650 	-41.748 	47.531 	-18.390 	
232.012 	-203.044 	-80.405 	10.560 	10.882 	-53.482 	
-3126.355 	-2444.079 	-4177.771 	-128.246 	-87.967 	-164.794 	
1697.190 	445.643 	-1511.937 	64.508 	21.997 	-75.488 	
-979.549 	-615.928 	42.971 	-25.227 	-16.596 	-8.244 	
398.228 	40.218 	109.685 	-26.375 	32.627 	11.549 	
213.927 	-52.656 	-1.136 	14.381 	-47.428 	25.791 	
348.158 	-69.883 	-122.099 	17.366 	3.672 	4.217 	
608.577 	52.677 	24.157 	26.128 	19.123 	-33.645 	
-5110.464 	-3912.670 	374.021 	-178.965 	-127.895 	9.980 	
507.807 	-260.152 	-326.693 	-15.347 	-7.050 	-7.204 	
292.398 	105.151 	-243.985 	-31.124 	-25.937 	8.074 	
64.455 	-307.975 	-142.114 	-19.123 	-38.116 	-6.354 	
491.588 	-157.966 	-102.955 	10.851 	-2.058 	-21.992 	
362.086 	-44.068 	28.129 	30.602 	30.811 	-29.083 	
544.650 	54.345 	137.729 	22.861 	16.757 	11.217 	
1352.410 	901.800 	642.552 	-1.353 	7.770 	5.179 	
666.087 	28.719 	-70.665 	-12.690 	-23.057 	-19.077 	
331.884 	73.406 	-48.548 	15.507 	-24.214 	38.532 	
237.299 	-253.592 	167.060 	-25.927 	11.252 	-25.771 	
-1186.950 	3164.456 	2404.515 	-59.501 	124.100 	94.826 	
633.165 	-172.801 	9.502 	56.607 	7.197 	-18.150 	
-2189.483 	10271.948 	5933.236 	-74.814 	276.651 	160.883 	
81.352 	-785.777 	168.399 	-5.799 	7.309 	-2.027 	
671.049 	-670.702 	-126.128 	-1.377 	-33.631 	-7.255 	
394.528 	-206.641 	-43.920 	68.469 	6.931 	21.686 	
497.972 	-178.695 	265.592 	-20.516 	13.462 	-0.411 	
-372.812 	-644.695 	948.614 	-8.333 	-18.423 	16.816 	
10341.976 	-2726.710 	-2561.057 	216.416 	-61.455 	-57.507 	
-4584.173 	-267.595 	-3418.663 	-172.051 	-10.670 	-118.493 	
1264.972 	-208.859 	-78.660 	4.036 	-8.048 	-17.918 	
9621.582 	271.050 	2794.339 	223.480 	5.998 	70.800 	
-189.400 	216.680 	-39.226 	-94.536 	1.933 	9.003 	
1919.052 	-5601.022 	12570.549 	28.431 	-139.430 	309.120 	
306.415 	218.722 	103.757 	-10.057 	6.479 	-0.426 	
-5597.698 	-483.744 	-1120.438 	-139.312 	-10.298 	-19.664 	
512.724 	10.526 	-45.143 	-0.341 	39.663 	0.771 	
220.018 	-140.315 	132.270 	-7.840 	36.395 	21.926 	
391.343 	-55.345 	-1.832 	55.557 	-16.325 	-29.444 	
-4434.041 	-5049.845 	8239.185 	-162.085 	-167.406 	277.980 	
-81.202 	343.515 	1816.169 	-8.231 	17.067 	51.534 	
304.141 	-182.165 	-101.473 	-8.707 	13.931 	22.225 	
-1160.915 	-2755.173 	-3554.338 	-51.474 	-88.579 	-114.103 	
107.839 	167.417 	-258.500 	-73.248 	47.004 	-50.930 	
685.429 	44.541 	81.417 	23.426 	14.991 	27.590 	
265.761 	-140.728 	-382.752 	24.247 	-36.596 	-28.102 	
-843.068 	-1246.444 	1167.044 	-33.228 	-37.853 	36.074 	
655.770 	454.128 	119.409 	-23.703 	-8.926 	2.620 	
437.246 	-120.499 	-65.759 	42.909 	18.280 	31.088 	
363.028 	-170.560 	-62.066 	-52.391 	17.467 	8.177 	
572.027 	-412.863 	109.759 	4.035 	31.559 	21.721 	
-1712.932 	-217.483 	2866.245 	-55.232 	-8.964 	66.420 	
-5784.653 	6661.001 	-9754.985 	-161.598 	162.626 	-241.128 	
820.439 	228.512 	340.373 	21.783 	3.284 	-19.097 	
567.232 	-27.173 	26.176 	46.584 	-43.765 	-11.962 	
426.009 	9.630 	-64.440 	33.295 	14.694 	4.048 	
1232.890 	525.765 	834.048 	65.702 	57.936 	45.299 	
740.302 	-2688.559 	-349.891 	28.661 	-187.748 	-29.622 	
533.494 	23.083 	-17.263 	54.754 	-14.154 	-5.047 	
526.553 	42.308 	-145.560 	33.064 	26.217 	-35.439 	
-1879.168 	-748.468 	-222.401 	-110.014 	-39.623 	-6.682 	
-11012.878 	3083.621 	-3860.021 	-289.807 	77.861 	-96.712 	
1716.410 	6758.961 	5496.439 	76.415 	411.487 	334.985 	
-386.869 	-870.158 	491.258 	-7.884 	-13.106 	10.583 	
-983.287 	563.254 	-571.630 	-30.901 	13.891 	-19.861 	
876.678 	1039.536 	-732.280 	-9.639 	12.846 	-2.688 	
-672.469 	-517.939 	706.437 	-25.538 	-17.322 	18.662 	
-631.275 	201.498 	-1786.590 	-30.042 	4.273 	-54.230 	
-29.183 	-748.639 	280.870 	-2.329 	3.993 	-1.426 	
-43413.543 	-24192.863 	-48912.926 	-1033.689 	-567.477 	-1146.857 	
80.814 	-57.498 	-63.844 	-29.879 	-9.201 	2.021 	
360.560 	16.445 	295.495 	-10.976 	-0.035 	-8.313 	
-9.430 	-588.476 	-218.735 	21.061 	-13.137 	20.531 	
-3697.373 	159.860 	193.775 	-92.955 	-1.426 	5.505 	
-3650.317 	-645.785 	-6417.836 	-105.215 	-17.196 	-156.780 	
220.857 	-275.123 	57.192 	5.090 	10.329 	-17.969 	
493.191 	-1294.376 	638.217 	14.019 	-29.753 	18.973 	
1112.009 	-39.833 	-30.295 	13.203 	-12.113 	-6.022 	
-15.404 	-1421.715 	-1199.114 	-5.411 	-40.164 	-34.405 	
483.366 	-0.415 	72.389 	-15.574 	12.359 	-31.716 	
-2572.615 	877.552 	-1013.775 	-72.130 	15.179 	-18.224 	
1249.985 	-213.417 	521.575 	10.909 	-5.072 	17.805 	
237.380 	323.140 	-190.035 	-23.881 	13.264 	-8.522 	
38570.610 	17878.332 	-440.318 	1283.455 	600.317 	-18.481 	
311.564 	-138.760 	-107.309 	17.909 	-15.955 	26.782 	
116.187 	120.809 	-255.455 	-27.617 	-6.796 	2.084 	
136.961 	30.173 	275.530 	-5.647 	-22.332 	-14.341 	
-1251.001 	-513.246 	-729.512 	-31.863 	-19.073 	-8.528 	
-10380.727 	-2088.259 	-595.435 	-273.706 	-51.561 	-12.415 	
-4225.059 	5407.798 	-2965.841 	-141.572 	159.654 	-88.646 	
358.904 	679.874 	-1364.058 	6.898 	16.358 	-39.137 	
678.113 	-94.265 	45.665 	-7.245 	-19.722 	-11.240 	
-257.440 	206.251 	-454.049 	-48.731 	3.100 	-24.194 	
480.115 	652.887 	-323.615 	20.738 	3.562 	3.824 	
450.803 	80.607 	241.292 	15.916 	-9.210 	6.724 	
316.630 	54.476 	-16.544 	-42.840 	4.427 	-25.896 	
289.736 	121.538 	170.538 	-9.625 	0.466 	30.202 	
61.938 	-163.071 	-111.731 	-6.884 	16.214 	12.292 	
356.369 	-35.746 	-83.464 	-18.372 	39.797 	-8.446 	
6011.506 	2855.687 	119.648 	122.538 	63.163 	2.525 	
-715.278 	149.603 	-1546.760 	-23.391 	2.737 	-43.595 	
15.507 	-469.112 	-213.528 	6.869 	3.274 	15.360 	
392.387 	-212.516 	-19.586 	-6.926 	-23.637 	-29.636 	
420.618 	-181.705 	-175.790 	1.309 	-1.865 	62.528 	
318.793 	-117.281 	-28.583 	13.239 	-19.850 	-41.993 	
-2257.199 	-2615.674 	-540.992 	-62.334 	-48.887 	-11.141 	
248.329 	-496.465 	851.037 	7.408 	-3.062 	9.044 	
434.425 	-179.047 	-27.538 	48.659 	3.451 	-36.764 	
-5414.336 	-2613.353 	-626.582 	-136.483 	-54.615 	-14.414 	
554.860 	-35.974 	38.605 	22.709 	-18.760 	-32.115 	
309.312 	1657.140 	-739.078 	4.930 	46.779 	-21.841 	
-83066.546 	-152981.713 	36735.101 	-2508.042 	-4585.819 	1099.951 	
3395.850 	6841.086 	3754.731 	108.623 	256.580 	140.778 	
124.290 	-918.133 	88.072 	15.747 	-17.279 	-11.826 	
2195.953 	2731.589 	-764.264 	40.625 	75.343 	-23.035 	
179.631 	-911.244 	-137.906 	-6.109 	-0.062 	4.603 	
13026.667 	-147.641 	1973.914 	311.724 	-2.202 	48.354 	
4025.858 	25679.984 	-7994.620 	97.247 	717.819 	-225.259 	
389.065 	-227.637 	47.295 	-13.776 	26.454 	-8.942 	
20.131 	286.836 	-330.110 	-23.087 	29.268 	-20.138 	
3187.022 	1881.709 	-6958.728 	94.544 	66.314 	-233.089 	
-1342.194 	319.470 	-826.029 	-35.070 	14.245 	-25.153 	
451.754 	-3.523 	-51.096 	-51.359 	-15.469 	13.048 	
638.704 	-140.129 	-136.398 	-25.064 	0.358 	14.726 	
14152.035 	-12072.392 	73107.964 	804.819 	-703.077 	4280.341 	
-1463.544 	-996.058 	1062.009 	-49.070 	-18.041 	23.068 	
122.110 	423.609 	-183.896 	15.841 	16.206 	-22.030 	
-2497.835 	-2331.097 	9.054 	-86.832 	-63.633 	0.240 	
-2211.833 	-4852.283 	-1411.328 	-102.533 	-180.870 	-52.925 	
-713.834 	-38.075 	-463.668 	-23.067 	1.598 	16.344 	
6266.053 	5877.084 	3641.691 	205.023 	204.075 	124.692 	
131.557 	-696.596 	240.526 	6.844 	1.614 	11.987 	
661.013 	65.641 	-61.943 	-5.442 	-4.818 	-16.816 	
-4414.388 	-2923.568 	-2397.227 	-160.593 	-97.114 	-81.373 	
-1897.178 	-2694.225 	-2891.074 	-75.107 	-86.587 	-89.831 	
236.739 	-292.678 	-218.895 	7.639 	-13.354 	-0.033 	
254.942 	283.185 	31.358 	46.678 	-7.435 	-6.348 	
489.450 	-203.362 	-138.249 	-17.044 	31.458 	11.028 	
4434.566 	8725.452 	-2847.685 	139.991 	301.756 	-99.105 	
-1009.666 	394.249 	-3756.583 	-50.488 	13.452 	-136.708 	
130.948 	108.988 	-78.230 	10.721 	-9.541 	-3.531 	
74.199 	-597.659 	1898.859 	-14.156 	-5.203 	30.836 	
593.799 	-68.142 	162.758 	22.041 	-22.685 	-20.012 	
411.739 	-154.959 	-192.685 	28.674 	18.198 	-0.341 	
557.823 	-113.724 	69.225 	12.662 	53.589 	37.418 	
165.326 	-153.015 	45.913 	1.721 	-12.105 	13.855 	
370.790 	-140.684 	-114.576 	-8.472 	-60.312 	21.188 	
338.617 	-195.318 	-111.251 	25.983 	-44.447 	-7.651 	
937.782 	39.040 	-45.336 	47.305 	-22.917 	10.025 	
794.122 	-59.163 	-476.684 	-6.879 	-12.028 	-2.218 	
-1621.004 	-532.859 	-576.554 	-36.674 	-12.095 	-22.742 	
263.762 	-233.682 	-54.090 	4.500 	-72.788 	-9.629 	
-1558.511 	-1508.697 	-86.597 	-54.807 	-47.907 	-6.815 	
315.141 	-81.592 	-229.846 	25.135 	4.626 	-11.928 	
642.386 	-159.042 	-200.080 	34.997 	-10.175 	-36.810 	
-776.469 	-2454.142 	-787.870 	-31.272 	-69.917 	-19.290 	
-13781.173 	-668.704 	-2486.100 	-358.758 	-18.763 	-60.571 	
