## Las primeras 200 lineas corresponden a la esfera 1 
##las siguienets 250 lineas a la esfera 2
## Las primeras tres columnas corresponden a la posición en 'x', 'y' y 'z', dadas en kpc, las siguientes tres a las velocidades, dadas en km/s
1984.828 	1737.914 	52.005 	45.924 	49.967 	2.624 	
1034.937 	-119.743 	-51.774 	-12.070 	6.574 	8.154 	
482.078 	-23.760 	120.486 	-54.297 	-19.665 	-41.109 	
-1764.033 	449.793 	1875.952 	-134.084 	26.109 	115.770 	
-1656.548 	688.218 	262.995 	-29.170 	10.263 	4.290 	
1257.775 	165.419 	191.597 	-2.731 	0.709 	6.339 	
807.747 	-275.606 	87.036 	-23.464 	20.536 	-4.327 	
1742.978 	279.165 	541.183 	35.386 	8.128 	15.415 	
460.459 	-51.183 	-96.044 	14.199 	-23.340 	27.668 	
585.126 	-144.956 	83.028 	17.824 	13.761 	27.756 	
-245.355 	89.104 	-603.980 	20.695 	7.755 	-0.532 	
-1070.154 	-4446.256 	-4448.310 	-25.287 	-97.671 	-97.646 	
-18717.743 	6397.864 	-2054.223 	-752.473 	251.411 	-80.913 	
1177.791 	829.019 	-532.452 	21.177 	15.440 	-2.822 	
380.713 	-185.713 	-145.398 	23.639 	18.491 	31.599 	
4173.289 	-1759.574 	-1303.947 	94.826 	-38.270 	-24.586 	
-71.740 	1413.024 	946.751 	2.451 	26.462 	20.768 	
47.708 	162.849 	37.910 	-13.816 	25.582 	0.379 	
583.095 	-65.845 	-153.041 	1.775 	-3.412 	-15.832 	
451.569 	551.680 	36.238 	-2.634 	-12.166 	-0.519 	
1604.301 	622.837 	-143.222 	29.003 	4.869 	0.536 	
451.693 	-948.003 	-438.196 	16.763 	-35.437 	-10.487 	
243.116 	-110.831 	-93.574 	8.009 	12.320 	-5.575 	
669.570 	1205.204 	-254.401 	3.962 	37.314 	2.323 	
548.240 	-439.968 	163.591 	29.002 	-27.234 	17.625 	
2169.412 	738.470 	-65.729 	46.659 	16.318 	-0.943 	
1076.435 	-136.096 	29.583 	-8.426 	15.281 	9.462 	
1509.599 	726.356 	0.487 	18.953 	13.585 	-10.214 	
251.627 	-4.037 	-18.946 	0.774 	-26.807 	43.593 	
389.487 	-91.269 	-99.134 	45.236 	41.556 	50.998 	
604.006 	-207.035 	117.645 	10.371 	39.113 	-2.757 	
-134.165 	-2024.662 	-1863.535 	-36.497 	-100.613 	-88.582 	
2642.760 	361.536 	1952.973 	139.744 	15.037 	147.658 	
1994.705 	268.614 	-347.826 	36.950 	10.346 	-5.020 	
446.188 	-24.981 	-9.469 	-22.986 	-2.554 	41.262 	
36.686 	-461.337 	88.001 	24.579 	-2.847 	0.908 	
184.926 	-231.918 	-63.057 	29.950 	-28.123 	-10.393 	
230.744 	507.740 	80.948 	-17.423 	-9.440 	9.730 	
414.826 	-228.351 	363.816 	17.550 	-0.248 	-15.805 	
414.175 	-57.357 	9.541 	-30.404 	2.861 	-4.717 	
1175.212 	-397.392 	833.385 	3.065 	-7.450 	19.754 	
420.646 	-21.545 	65.067 	18.611 	-4.800 	11.416 	
549.741 	53.181 	107.328 	54.744 	49.055 	22.567 	
350.410 	31.981 	-47.623 	9.184 	29.976 	7.455 	
1124.222 	572.016 	-377.305 	10.764 	-0.987 	0.057 	
370.026 	70.833 	-53.133 	-0.325 	-8.426 	24.591 	
4288.344 	5693.548 	-5827.082 	104.179 	136.695 	-138.099 	
401.265 	-70.021 	-5.845 	-24.835 	-0.214 	-7.877 	
400.603 	-126.610 	-182.128 	-0.538 	29.183 	28.899 	
-390.618 	-873.403 	-249.484 	14.316 	-11.506 	-6.738 	
569.985 	821.595 	-49.551 	-6.049 	0.837 	-10.856 	
1931.223 	-7131.655 	-7475.806 	44.650 	-166.424 	-172.327 	
644.892 	-18.451 	56.565 	10.001 	-31.402 	12.717 	
415.271 	-182.112 	6.358 	-29.629 	20.265 	1.019 	
8141.254 	2460.084 	-492.887 	258.703 	81.343 	-17.501 	
461.008 	25.113 	-62.393 	3.599 	6.957 	-41.684 	
277.577 	-264.162 	38.547 	58.052 	5.164 	3.768 	
674.575 	56.390 	-163.139 	-31.132 	-17.773 	-23.749 	
-2143.816 	800.275 	396.808 	-83.558 	18.689 	7.164 	
-11337.773 	-15030.438 	4180.885 	-389.592 	-501.804 	139.332 	
1546.758 	-1232.672 	-180.356 	120.703 	-121.398 	-20.262 	
10390.541 	-1477.558 	2359.303 	503.320 	-74.642 	121.374 	
9074.776 	-3977.197 	-6116.219 	239.736 	-106.539 	-159.175 	
448.444 	-395.471 	-106.465 	6.409 	-8.234 	14.307 	
140.752 	816.647 	825.695 	-14.919 	16.071 	12.753 	
-10643.677 	-597.840 	-2153.947 	-554.442 	-30.678 	-105.594 	
958.311 	-2294.445 	4428.869 	23.755 	-54.229 	104.392 	
422.100 	65.556 	-57.507 	47.265 	0.717 	18.933 	
492.254 	281.701 	-286.925 	-36.738 	24.957 	-17.525 	
376.073 	32.610 	297.605 	7.765 	-17.221 	8.979 	
546.700 	-47.165 	127.628 	-4.618 	-7.306 	7.337 	
11.419 	-574.748 	-757.529 	7.058 	-16.312 	-10.485 	
636.995 	352.760 	226.501 	-7.388 	-21.985 	-11.367 	
1181.341 	-1573.786 	-708.361 	53.792 	-105.800 	-50.028 	
-255.587 	3188.981 	286.617 	-0.011 	71.423 	5.488 	
316.596 	-65.609 	-3.052 	-18.113 	-45.170 	-43.143 	
278.239 	-4184.263 	349.754 	-5.624 	-136.046 	9.714 	
1794.463 	1394.586 	260.519 	43.699 	42.553 	2.979 	
424.972 	211.906 	16.935 	15.667 	-15.809 	19.610 	
341.518 	-57.064 	-38.122 	-20.484 	27.698 	32.212 	
1083.224 	746.165 	249.246 	12.982 	21.478 	13.364 	
-3756.470 	1430.806 	-1484.031 	-81.289 	32.184 	-33.266 	
154.466 	-645.602 	81.731 	-15.475 	14.095 	-6.196 	
-6374.836 	4084.442 	9326.695 	-167.156 	105.639 	246.683 	
507.336 	240.168 	-227.304 	-1.264 	-32.913 	16.879 	
415.345 	-158.573 	7.579 	-41.028 	-19.670 	-1.938 	
-441.551 	-422.656 	-4347.718 	-6.182 	-7.557 	-97.807 	
-25.682 	-199.039 	-33.136 	-3.653 	9.683 	-6.829 	
9487.850 	-958.217 	4696.655 	341.708 	-41.029 	180.451 	
406.112 	-58.003 	-31.244 	4.169 	-9.770 	19.716 	
945.266 	-549.448 	-351.825 	13.410 	-20.406 	-6.652 	
34.258 	1157.307 	919.443 	-21.357 	35.273 	24.652 	
-219.737 	-962.402 	351.301 	-15.792 	-31.316 	19.394 	
-138.908 	-77.331 	-917.000 	19.484 	-2.624 	-3.022 	
621.930 	187.358 	162.989 	-21.904 	-28.563 	-4.430 	
1562.148 	659.658 	1027.556 	34.799 	17.685 	28.513 	
519.346 	43.404 	63.639 	5.282 	-11.929 	9.059 	
9235.760 	-18180.520 	23894.227 	257.719 	-507.543 	669.110 	
10899.293 	-5919.869 	-6829.067 	353.097 	-199.929 	-230.121 	
470.216 	-126.644 	19.745 	13.779 	-4.870 	22.108 	
1739.054 	681.886 	-666.410 	29.937 	12.574 	-15.172 	
87.308 	-84.421 	-338.097 	-7.044 	28.462 	-0.376 	
144.264 	-56.636 	15.386 	-8.383 	-50.085 	-18.953 	
419.934 	-72.452 	-53.248 	13.236 	-46.006 	14.915 	
7040.172 	577.216 	137.314 	173.603 	11.360 	2.121 	
943.171 	792.045 	199.493 	9.838 	9.544 	-3.732 	
734.150 	-775.347 	268.507 	-18.433 	-17.831 	6.977 	
-771.045 	8359.670 	984.085 	-19.173 	188.444 	22.926 	
-1338.527 	-594.618 	-28.290 	-46.826 	-10.532 	3.539 	
109.328 	-175.876 	-139.665 	15.592 	-8.628 	18.593 	
130.298 	-81.928 	262.860 	23.201 	-8.119 	19.935 	
521.915 	-13.949 	72.768 	12.098 	19.325 	-8.564 	
1053.585 	-664.020 	686.728 	8.866 	-12.786 	11.408 	
501.947 	-263.731 	74.073 	-11.266 	1.131 	2.636 	
590.186 	647.017 	23.191 	-0.632 	-5.894 	-8.950 	
-133.707 	1416.839 	-409.811 	-35.514 	99.894 	-27.817 	
456.245 	-41.012 	597.186 	-18.985 	6.071 	-6.041 	
4918.238 	2072.795 	2982.438 	151.860 	69.052 	100.363 	
2532.206 	737.476 	-341.935 	57.316 	22.783 	-10.605 	
230.554 	-106.473 	-70.339 	-20.218 	7.169 	-42.190 	
1520.161 	541.707 	68.158 	11.247 	8.169 	-4.839 	
70026.927 	-36959.867 	-3330.246 	1665.267 	-877.332 	-79.981 	
549.483 	-232.861 	-413.711 	-0.159 	-11.817 	0.306 	
1663.820 	1363.979 	585.286 	31.736 	42.186 	15.792 	
-3494.861 	7391.742 	7160.213 	-131.847 	248.112 	240.739 	
21858.265 	7746.785 	-19010.998 	524.899 	185.459 	-457.089 	
541.364 	-27.940 	13.562 	1.798 	39.128 	4.318 	
1509.445 	2112.836 	-2072.708 	34.820 	41.541 	-37.754 	
324.205 	28.786 	79.671 	13.213 	-9.515 	22.512 	
395.328 	-126.208 	-132.877 	2.204 	20.829 	46.755 	
-448.475 	-581.089 	-1005.045 	-36.164 	-9.495 	-55.323 	
18225.163 	-6263.162 	1655.387 	701.069 	-246.608 	65.073 	
2557.547 	1356.282 	276.509 	64.178 	31.508 	15.651 	
532.067 	-134.028 	543.587 	-9.125 	-15.087 	-15.162 	
832.977 	212.992 	117.556 	-23.335 	-8.712 	-1.136 	
-319.000 	-219.884 	-25.032 	-16.977 	-14.653 	-2.644 	
-5507.074 	14253.495 	-23591.468 	-155.078 	400.612 	-660.473 	
8764.907 	2338.968 	16774.959 	228.680 	62.872 	440.684 	
444.200 	167.197 	-68.665 	5.613 	-41.031 	14.066 	
409.398 	-115.158 	30.216 	5.888 	1.808 	62.029 	
1136.188 	-196.149 	-119.655 	-6.762 	13.395 	3.616 	
-76.991 	-235.841 	240.134 	-11.427 	-0.340 	14.546 	
3429.128 	-14.404 	-1060.016 	95.689 	0.740 	-32.624 	
360.401 	313.144 	165.738 	2.270 	-31.286 	-11.937 	
645.552 	7.132 	12.692 	-11.960 	45.149 	4.133 	
541.688 	106.586 	38.948 	-0.507 	-0.829 	-1.350 	
663.326 	-104.105 	647.727 	-21.663 	-9.994 	16.017 	
1595.050 	653.886 	-353.968 	23.538 	16.507 	-3.960 	
456.501 	-12.321 	-49.562 	42.572 	1.028 	42.457 	
282.329 	-309.492 	602.638 	-18.748 	4.692 	-4.970 	
489.300 	-115.418 	57.572 	1.091 	-39.424 	9.399 	
-1273.860 	4280.041 	3425.976 	-57.322 	139.710 	113.168 	
2268.691 	307.262 	27.625 	49.123 	10.682 	-2.858 	
1541.027 	480.512 	12.823 	13.088 	16.313 	2.436 	
594.376 	-857.949 	-1097.999 	22.519 	-39.736 	-57.108 	
1908.023 	541.718 	-126.761 	29.181 	13.245 	-7.425 	
1354.183 	1809.304 	-1224.503 	27.545 	29.087 	-17.788 	
313.194 	-264.687 	-22.343 	43.647 	-36.949 	16.786 	
-4694.598 	1690.525 	2765.974 	-105.906 	36.305 	62.943 	
-7014.187 	-2359.844 	-11926.151 	-186.056 	-60.602 	-313.395 	
1169.675 	209.882 	898.174 	8.470 	9.814 	13.430 	
745.564 	213.720 	291.553 	-9.211 	-5.965 	-21.324 	
1025.666 	418.667 	-276.010 	9.348 	-5.925 	4.386 	
254.915 	-237.739 	-7.875 	21.521 	19.600 	-1.114 	
140.528 	1942.256 	1011.670 	8.452 	34.290 	20.078 	
819.809 	-100.976 	-77.054 	-11.014 	-42.208 	-1.480 	
477.442 	-35.401 	81.755 	-35.782 	-0.148 	15.950 	
423.773 	-74.808 	-53.380 	15.886 	-25.529 	-26.530 	
621.030 	26.585 	-113.720 	47.727 	25.512 	-19.252 	
337.454 	-92.425 	-3.918 	-66.119 	-16.056 	0.800 	
315.744 	-93.375 	-6.483 	-2.482 	-48.383 	-42.490 	
1258.196 	168.380 	1604.099 	21.964 	5.763 	44.805 	
363.604 	-172.618 	-129.331 	-13.101 	13.841 	-51.709 	
524.250 	-37.791 	157.521 	-10.303 	2.848 	-16.443 	
1519.721 	661.914 	-347.933 	27.774 	7.433 	4.367 	
-207.546 	1530.027 	-718.106 	-13.817 	41.498 	-18.014 	
199.739 	-230.558 	-210.816 	43.903 	6.122 	4.912 	
593.783 	426.760 	378.543 	-14.934 	1.494 	-8.358 	
176.761 	140.454 	109.505 	-28.148 	16.181 	26.251 	
-21183.606 	-7353.970 	20059.711 	-510.351 	-177.704 	482.521 	
-767.708 	-1307.283 	-618.590 	-48.838 	-53.305 	-28.827 	
47.085 	-304.464 	-90.414 	37.271 	9.916 	-1.355 	
390.303 	-67.534 	-248.699 	-15.131 	33.119 	-33.641 	
359.482 	-100.667 	-112.892 	2.363 	-11.074 	-13.886 	
-9200.806 	1624.492 	-2901.876 	-373.338 	57.355 	-110.077 	
242.404 	-206.029 	-25.356 	10.538 	5.179 	18.537 	
-68.094 	-280.624 	49.981 	-19.958 	5.389 	9.025 	
289.012 	-162.384 	-42.960 	53.510 	-14.734 	1.369 	
585.781 	-384.598 	-212.773 	0.391 	10.851 	9.738 	
-624.173 	-2955.058 	5822.337 	-12.499 	-68.578 	137.579 	
1091.198 	288.557 	353.423 	4.214 	-9.470 	11.474 	
764.123 	1498.603 	-337.316 	7.091 	45.004 	-13.678 	
433.767 	47.656 	160.601 	-46.724 	19.656 	-17.678 	
329.383 	-14.733 	46.821 	-46.394 	-39.890 	-38.666 	
2029.689 	1022.794 	367.540 	55.469 	13.725 	3.529 	
-3045.965 	-2242.697 	2790.258 	-117.397 	-75.210 	93.880 	
451.526 	15.696 	-0.824 	-15.626 	-8.283 	-7.585 	
321.248 	278.941 	-876.934 	-76.558 	2.239 	-102.838 	
-69489.068 	37496.527 	-3907.147 	-1650.381 	892.127 	-93.690 	
1408.514 	509.943 	87.747 	23.448 	-3.649 	-3.578 	
-957.732 	-100.544 	165.911 	-30.048 	1.652 	-4.399 	
-198.737 	1006.903 	755.798 	-59.584 	109.832 	75.950 	
2795.799 	-1342.612 	-830.304 	94.234 	-49.766 	-28.625 	
805.670 	-52.142 	39.408 	-20.188 	21.149 	-22.704 	
411.606 	-110.868 	-266.653 	13.056 	43.950 	33.629 	
-11661.870 	3882.765 	3828.219 	-285.334 	88.436 	87.643 	
-41296.412 	-18794.333 	-2428.207 	-1427.274 	-644.140 	-86.996 	
1723.448 	325.829 	2343.262 	59.826 	20.399 	82.702 	
18.968 	-1009.803 	-64.998 	6.192 	-13.134 	8.999 	
409.480 	0.085 	-65.313 	-6.216 	51.739 	11.670 	
512.531 	-8.919 	-9.569 	9.454 	15.173 	21.791 	
-4228.287 	-25542.578 	6570.242 	-135.579 	-724.941 	184.664 	
396.855 	-244.957 	24.039 	13.603 	-20.289 	6.741 	
82091.771 	150102.906 	-36601.505 	2486.957 	4580.900 	-1118.272 	
396.100 	1206.980 	-534.327 	-13.341 	4.235 	-2.868 	
398.647 	-169.599 	675.873 	-8.903 	-10.185 	-17.245 	
1335.415 	119.064 	87.615 	54.200 	-2.171 	7.982 	
299.706 	49.528 	-120.526 	-8.303 	12.657 	-11.397 	
350.273 	39.724 	-10.444 	27.797 	9.822 	-45.018 	
313.763 	-113.529 	-299.152 	3.484 	34.851 	37.006 	
260.027 	-127.683 	61.045 	43.623 	26.889 	-38.063 	
582.344 	-36.700 	-174.851 	-11.120 	-12.686 	-4.513 	
238.489 	-7.414 	202.167 	-21.905 	7.057 	-10.339 	
-2180.693 	-2389.854 	2498.282 	-79.361 	-72.119 	68.289 	
765.827 	-884.399 	-211.351 	9.240 	-5.931 	4.723 	
-483.700 	-302.131 	-546.342 	-26.777 	-15.779 	-16.314 	
-161.280 	2283.191 	2190.764 	-20.040 	65.876 	64.002 	
340.305 	-283.142 	231.726 	-2.885 	-27.304 	-7.982 	
933.833 	-131.626 	274.566 	-11.976 	3.465 	5.651 	
722.791 	-380.022 	-145.458 	-9.572 	-3.580 	1.577 	
586.580 	58.112 	6.892 	6.398 	-11.930 	25.478 	
340.063 	-230.881 	72.889 	-12.988 	-19.494 	-14.335 	
367.812 	-353.304 	-17.305 	12.624 	45.425 	18.068 	
151.936 	-50.680 	-51.725 	-35.236 	8.745 	-26.734 	
-356.814 	-1069.832 	-1436.310 	-11.181 	-29.315 	-50.939 	
1138.051 	211.206 	145.330 	-7.022 	12.248 	2.746 	
835.880 	95.331 	93.145 	-3.783 	-31.599 	4.145 	
323.694 	365.790 	282.775 	-17.915 	11.009 	10.258 	
-1847.122 	1183.904 	-409.044 	-64.793 	33.837 	-11.844 	
513.554 	-244.365 	282.160 	1.872 	-7.246 	7.616 	
-1349.662 	-7723.095 	-5469.555 	-113.738 	-483.934 	-341.988 	
669.915 	-111.312 	237.031 	11.854 	-25.704 	-4.854 	
1999.750 	-242.452 	460.733 	13.649 	3.389 	7.104 	
734.558 	741.187 	861.209 	15.247 	11.647 	10.226 	
2539.633 	-7068.209 	-314.435 	52.732 	-191.752 	-7.357 	
-4757.673 	-3199.411 	-7690.167 	-247.467 	-150.414 	-372.252 	
229.005 	-880.482 	798.231 	3.487 	-8.888 	16.005 	
770.566 	7.871 	-278.302 	0.015 	7.846 	-1.076 	
421.817 	-125.164 	-99.717 	22.014 	0.646 	-0.968 	
2750.942 	-1655.295 	-4838.264 	51.849 	-43.038 	-122.693 	
7243.180 	3879.351 	8483.373 	331.037 	190.721 	406.960 	
-336.458 	-1656.895 	897.532 	-21.777 	-48.463 	20.563 	
464.944 	-202.305 	-249.710 	29.310 	-30.424 	-12.570 	
292.041 	-319.927 	26.578 	-12.080 	-37.252 	3.924 	
-105.848 	-273.399 	-87.965 	23.036 	5.840 	18.349 	
389.784 	-241.389 	89.319 	2.021 	9.171 	-13.927 	
654.079 	-43.906 	-149.066 	-8.023 	42.815 	23.445 	
5099.536 	-3106.520 	3593.658 	177.371 	-113.315 	134.290 	
-939.315 	-581.276 	1713.827 	-37.367 	-19.277 	52.952 	
528.841 	68.846 	211.395 	-22.782 	-0.772 	37.262 	
421.279 	-172.633 	-282.831 	7.495 	28.744 	40.253 	
4434.949 	-8888.885 	3171.834 	120.107 	-273.512 	96.880 	
737.645 	16.278 	213.372 	28.204 	0.681 	27.540 	
544.383 	-371.480 	316.412 	34.320 	18.982 	3.847 	
345.669 	-140.551 	-42.115 	-71.753 	-14.671 	-32.298 	
-642.047 	-975.936 	-15.232 	0.807 	-16.216 	4.710 	
-132.096 	4842.635 	3070.363 	-21.561 	142.714 	92.340 	
-34.491 	-278.223 	-121.750 	12.525 	-9.030 	-1.305 	
390.941 	-312.736 	-90.881 	27.502 	5.674 	47.062 	
-2165.144 	-3830.098 	-600.262 	-70.452 	-85.440 	-12.590 	
-154.730 	-713.747 	1379.099 	-10.625 	-16.504 	33.086 	
39106.185 	22735.187 	47554.061 	912.342 	539.480 	1128.935 	
11947.589 	12790.690 	-3335.620 	387.229 	426.311 	-111.400 	
437.828 	-287.740 	49.587 	-20.378 	-5.073 	1.013 	
-88.200 	-369.785 	408.064 	10.165 	-6.937 	-7.019 	
1204.881 	-768.164 	2855.064 	30.320 	-26.777 	99.597 	
13788.646 	4058.189 	3914.719 	329.163 	100.624 	98.436 	
161.952 	-133.677 	-27.548 	32.790 	10.178 	-11.815 	
213.384 	-35.463 	-70.454 	-31.065 	-40.396 	35.460 	
2873.277 	-1037.778 	-2864.443 	151.488 	-64.618 	-175.825 	
263.960 	-9.878 	21.988 	27.000 	21.316 	-6.516 	
305.524 	-154.478 	-121.181 	-2.590 	14.949 	-5.811 	
-4034.288 	-6707.553 	-4438.272 	-115.667 	-162.470 	-106.926 	
184.440 	-391.384 	499.744 	13.040 	-9.532 	-9.235 	
-1005.918 	-392.737 	-223.829 	-33.421 	-12.485 	-10.764 	
-12774.708 	11974.379 	-69535.868 	-802.342 	732.769 	-4232.886 	
450.415 	-63.851 	42.229 	10.226 	-1.872 	-11.701 	
-164.340 	2295.344 	436.562 	-37.032 	177.124 	28.535 	
-1.885 	-503.005 	-267.839 	12.014 	3.162 	18.103 	
-665.910 	1442.260 	-7299.866 	-33.689 	50.852 	-256.841 	
237.054 	211.069 	-1309.467 	6.838 	9.260 	-32.394 	
351.548 	115.618 	-31.294 	30.776 	2.171 	8.786 	
575.339 	76.458 	382.719 	-16.114 	5.479 	0.280 	
489.793 	-292.411 	72.507 	-40.819 	42.069 	-16.983 	
227.252 	-209.015 	-46.740 	4.586 	8.296 	-56.404 	
-3047.717 	-2390.139 	-4076.721 	-128.263 	-87.978 	-164.816 	
1657.601 	432.145 	-1465.603 	64.627 	22.035 	-75.652 	
-963.986 	-605.713 	48.014 	-25.539 	-16.724 	-8.204 	
414.868 	19.189 	101.477 	-27.970 	36.049 	15.490 	
206.736 	-24.129 	-17.506 	9.075 	-45.519 	27.460 	
338.686 	-73.516 	-122.778 	13.163 	8.315 	-2.069 	
589.936 	39.887 	43.659 	33.365 	22.180 	-30.086 	
-5000.727 	-3834.247 	367.901 	-178.984 	-127.910 	9.982 	
516.918 	-255.318 	-321.482 	-14.332 	-8.714 	-9.774 	
311.756 	120.408 	-248.135 	-31.970 	-23.834 	5.469 	
76.721 	-284.076 	-137.601 	-20.853 	-39.787 	-8.312 	
483.322 	-155.769 	-88.726 	16.097 	-5.193 	-24.373 	
344.501 	-63.445 	43.730 	26.921 	31.798 	-21.588 	
530.282 	43.286 	129.405 	23.876 	19.377 	16.264 	
1353.180 	896.959 	639.319 	-1.157 	8.021 	5.364 	
672.505 	43.025 	-58.541 	-8.115 	-23.785 	-20.641 	
323.998 	86.122 	-71.131 	10.647 	-17.688 	35.277 	
253.752 	-259.934 	181.986 	-27.704 	9.432 	-22.924 	
-1150.461 	3088.354 	2346.364 	-59.522 	124.139 	94.856 	
597.332 	-176.407 	20.730 	60.375 	4.487 	-18.500 	
-2143.611 	10102.319 	5834.591 	-74.816 	276.658 	160.887 	
85.020 	-789.966 	169.586 	-6.165 	6.355 	-1.845 	
671.736 	-649.731 	-121.608 	-0.854 	-34.781 	-7.487 	
352.451 	-208.697 	-56.298 	68.260 	-0.297 	19.478 	
510.359 	-186.758 	265.008 	-19.859 	12.869 	2.288 	
-367.636 	-633.354 	938.211 	-8.553 	-18.569 	17.120 	
10209.280 	-2689.029 	-2525.796 	216.425 	-61.457 	-57.510 	
-4478.674 	-261.053 	-3346.005 	-172.074 	-10.670 	-118.510 	
1262.177 	-203.831 	-67.639 	5.082 	-8.352 	-18.026 	
9484.554 	267.373 	2750.927 	223.490 	5.998 	70.804 	
-131.061 	215.293 	-44.743 	-95.785 	2.613 	8.990 	
1901.620 	-5515.531 	12381.012 	28.432 	-139.432 	309.126 	
312.905 	213.919 	103.690 	-11.095 	9.221 	0.658 	
-5512.271 	-477.430 	-1108.380 	-139.340 	-10.299 	-19.669 	
511.233 	-14.403 	-43.990 	5.715 	41.081 	-4.323 	
225.675 	-162.415 	117.753 	-10.652 	35.615 	25.476 	
361.790 	-48.096 	17.402 	45.659 	-9.644 	-29.534 	
-4334.658 	-4947.200 	8068.741 	-162.090 	-167.411 	277.987 	
-76.138 	333.036 	1784.509 	-8.287 	17.115 	51.738 	
311.485 	-188.613 	-114.038 	-15.390 	6.169 	18.508 	
-1129.351 	-2700.854 	-3484.366 	-51.485 	-88.604 	-114.139 	
153.137 	137.689 	-227.019 	-74.278 	49.989 	-51.437 	
669.787 	34.794 	63.977 	27.717 	16.909 	29.331 	
251.197 	-118.196 	-364.607 	23.202 	-36.865 	-31.124 	
-822.659 	-1223.199 	1144.889 	-33.345 	-37.972 	36.195 	
670.130 	459.178 	117.743 	-23.135 	-7.557 	2.811 	
409.729 	-129.811 	-85.027 	46.101 	12.623 	32.623 	
394.980 	-180.040 	-66.558 	-51.403 	13.201 	6.344 	
569.173 	-431.562 	96.341 	5.280 	29.408 	22.001 	
-1679.053 	-211.986 	2825.501 	-55.275 	-8.967 	66.483 	
-5685.569 	6561.287 	-9607.138 	-161.601 	162.629 	-241.133 	
806.746 	226.265 	351.728 	22.888 	4.042 	-17.921 	
535.478 	-0.909 	33.659 	55.695 	-40.745 	-11.521 	
403.395 	3.009 	-64.161 	27.575 	-11.416 	-10.784 	
1192.532 	490.181 	806.175 	65.944 	58.137 	45.622 	
722.722 	-2573.405 	-331.724 	28.682 	-187.874 	-29.637 	
498.519 	29.553 	-13.583 	58.911 	-6.753 	-6.540 	
505.582 	25.309 	-122.531 	35.480 	29.303 	-39.863 	
-1811.661 	-724.158 	-218.301 	-110.186 	-39.672 	-6.690 	
-10835.183 	3035.880 	-3800.722 	-289.814 	77.863 	-96.715 	
1669.556 	6506.657 	5291.042 	76.417 	411.498 	334.994 	
-381.929 	-862.032 	484.695 	-8.232 	-13.400 	10.825 	
-964.268 	554.696 	-559.423 	-31.136 	14.026 	-19.955 	
882.558 	1031.572 	-730.559 	-9.540 	13.132 	-2.924 	
-656.712 	-507.289 	694.927 	-25.861 	-17.415 	18.881 	
-612.831 	198.866 	-1753.276 	-30.119 	4.310 	-54.439 	
-27.583 	-750.884 	281.609 	-2.888 	3.329 	-0.982 	
-42779.744 	-23844.918 	-48209.739 	-1033.689 	-567.477 	-1146.857 	
100.629 	-52.135 	-64.881 	-34.797 	-8.261 	1.276 	
369.631 	17.406 	300.140 	-18.273 	-4.558 	-6.200 	
-22.101 	-579.995 	-231.211 	20.259 	-14.532 	20.167 	
-3640.360 	160.733 	190.398 	-93.014 	-1.422 	5.510 	
-3585.802 	-635.240 	-6321.702 	-105.224 	-17.197 	-156.796 	
218.731 	-280.501 	67.541 	1.844 	7.203 	-15.748 	
484.580 	-1276.023 	626.528 	14.068 	-30.113 	19.157 	
1103.489 	-32.500 	-26.555 	14.580 	-11.802 	-6.172 	
-12.075 	-1397.035 	-1177.972 	-5.448 	-40.341 	-34.559 	
492.622 	-9.202 	90.590 	-14.655 	16.474 	-27.566 	
-2528.364 	868.237 	-1002.592 	-72.210 	15.207 	-18.254 	
1243.127 	-210.259 	510.542 	11.465 	-5.230 	18.185 	
252.207 	314.465 	-184.551 	-24.484 	15.059 	-9.376 	
37783.669 	17510.252 	-428.986 	1283.456 	600.317 	-18.481 	
301.509 	-131.006 	-124.113 	13.908 	-9.124 	26.046 	
133.627 	125.129 	-256.130 	-29.539 	-7.253 	-0.272 	
140.939 	43.609 	283.744 	-7.307 	-21.494 	-12.456 	
-1231.403 	-501.535 	-724.247 	-32.064 	-19.127 	-8.647 	
-10212.904 	-2056.644 	-587.822 	-273.715 	-51.564 	-12.415 	
-4138.252 	5309.903 	-2911.486 	-141.582 	159.667 	-88.653 	
354.677 	669.797 	-1339.975 	6.889 	16.511 	-39.421 	
681.254 	-81.738 	52.395 	-3.030 	-21.133 	-10.662 	
-227.348 	204.237 	-439.084 	-49.427 	3.473 	-24.629 	
467.389 	650.452 	-325.822 	20.769 	4.383 	3.377 	
441.116 	85.620 	236.156 	15.712 	-7.107 	10.041 	
344.752 	50.166 	-1.654 	-49.260 	10.650 	-21.765 	
296.127 	120.546 	151.300 	-11.222 	2.801 	32.560 	
67.314 	-172.960 	-118.981 	-10.726 	16.039 	11.407 	
368.576 	-61.411 	-76.990 	-21.464 	43.949 	-12.557 	
5936.365 	2816.956 	118.100 	122.561 	63.176 	2.526 	
-700.894 	147.918 	-1519.984 	-23.528 	2.760 	-43.746 	
11.534 	-470.955 	-222.939 	6.106 	2.736 	15.330 	
396.613 	-195.562 	-1.925 	-7.968 	-32.728 	-28.446 	
418.759 	-178.741 	-212.638 	4.787 	-7.401 	57.291 	
307.088 	-110.594 	-14.677 	15.065 	-18.316 	-12.014 	
-2218.964 	-2585.684 	-534.157 	-62.382 	-48.938 	-11.155 	
243.819 	-494.497 	845.291 	7.302 	-3.355 	9.698 	
402.662 	-179.801 	-4.184 	53.852 	-0.604 	-41.858 	
-5330.646 	-2579.863 	-617.744 	-136.507 	-54.625 	-14.416 	
539.780 	-22.772 	56.527 	27.538 	-23.817 	-26.982 	
306.295 	1628.389 	-725.653 	4.911 	47.006 	-21.949 	
-81528.757 	-150169.950 	36060.673 	-2508.042 	-4585.819 	1099.951 	
3329.247 	6683.762 	3668.412 	108.628 	256.593 	140.785 	
114.678 	-907.263 	95.298 	15.603 	-18.185 	-11.746 	
2171.030 	2685.370 	-750.134 	40.670 	75.417 	-23.056 	
183.403 	-910.961 	-140.658 	-6.196 	-0.861 	4.373 	
12835.534 	-146.291 	1944.266 	311.731 	-2.202 	48.355 	
3966.231 	25239.857 	-7856.504 	97.247 	717.821 	-225.260 	
397.563 	-243.187 	51.725 	-13.743 	23.892 	-5.032 	
34.572 	268.603 	-317.503 	-24.027 	30.211 	-20.994 	
3129.051 	1841.047 	-6815.807 	94.550 	66.319 	-233.105 	
-1320.632 	310.720 	-810.576 	-35.262 	14.298 	-25.251 	
482.287 	4.989 	-57.597 	-47.434 	-11.865 	7.721 	
653.039 	-139.920 	-145.096 	-21.577 	-0.998 	13.720 	
13658.566 	-11641.305 	70483.502 	804.819 	-703.077 	4280.341 	
-1433.417 	-984.977 	1047.840 	-49.204 	-18.102 	23.147 	
112.632 	413.264 	-170.261 	15.071 	17.538 	-22.444 	
-2444.576 	-2292.067 	8.905 	-86.891 	-63.676 	0.247 	
-2148.961 	-4741.375 	-1378.874 	-102.547 	-180.900 	-52.934 	
-699.553 	-39.071 	-473.634 	-23.518 	1.651 	16.160 	
6140.342 	5751.954 	3565.235 	205.031 	204.083 	124.698 	
127.424 	-697.338 	232.993 	6.635 	0.811 	12.582 	
663.376 	67.171 	-51.454 	-2.425 	0.076 	-17.326 	
-4315.915 	-2864.019 	-2347.330 	-160.616 	-97.128 	-81.385 	
-1851.119 	-2641.126 	-2835.985 	-75.131 	-86.615 	-89.861 	
232.450 	-283.583 	-218.066 	6.380 	-16.316 	-2.666 	
226.684 	287.004 	35.214 	45.492 	-5.053 	-6.208 	
498.844 	-221.450 	-144.129 	-13.698 	27.650 	8.277 	
4348.731 	8540.429 	-2786.918 	139.995 	301.765 	-99.108 	
-978.703 	385.998 	-3672.745 	-50.507 	13.461 	-136.762 	
125.127 	114.220 	-75.894 	8.266 	-7.531 	-4.083 	
82.887 	-594.453 	1879.891 	-14.181 	-5.255 	31.039 	
579.249 	-54.022 	173.731 	25.470 	-23.399 	-15.692 	
394.192 	-165.993 	-190.397 	28.210 	17.300 	-6.685 	
549.023 	-145.835 	45.890 	16.042 	51.055 	38.566 	
165.568 	-145.245 	36.667 	-2.544 	-13.198 	16.322 	
376.392 	-102.446 	-125.877 	-9.366 	-63.493 	14.521 	
322.468 	-166.098 	-105.412 	27.031 	-49.852 	-10.532 	
908.238 	52.939 	-51.371 	49.086 	-22.404 	9.648 	
798.074 	-51.795 	-474.942 	-6.014 	-12.003 	-3.463 	
-1598.459 	-525.433 	-562.591 	-36.866 	-12.127 	-22.805 	
261.662 	-187.514 	-47.522 	2.490 	-77.074 	-11.850 	
-1524.869 	-1479.292 	-82.418 	-54.930 	-48.006 	-6.817 	
300.468 	-84.763 	-221.273 	22.680 	5.703 	-16.194 	
620.142 	-152.313 	-176.603 	37.459 	-11.858 	-39.841 	
-757.281 	-2411.241 	-776.033 	-31.316 	-70.023 	-19.323 	
-13561.201 	-657.199 	-2448.961 	-358.764 	-18.764 	-60.572 	
