## Las primeras 200 lineas corresponden a la esfera 1 
##las siguienets 250 lineas a la esfera 2
## Las primeras tres columnas corresponden a la posición en 'x', 'y' y 'z', dadas en kpc, las siguientes tres a las velocidades, dadas en km/s
2537.160 	2335.667 	84.771 	44.312 	47.745 	2.710 	
700.579 	-9.008 	78.943 	-51.541 	9.313 	11.351 	
315.066 	-149.751 	-267.478 	6.678 	-3.361 	5.163 	
-3401.767 	768.142 	3289.854 	-133.178 	25.860 	114.970 	
-1998.036 	807.234 	312.662 	-26.650 	9.204 	3.830 	
1118.658 	153.512 	236.148 	-20.736 	-3.032 	0.841 	
149.472 	26.000 	-59.788 	-52.643 	2.743 	-9.321 	
2142.380 	373.479 	712.405 	30.217 	7.288 	12.732 	
412.951 	-72.386 	62.889 	7.341 	18.598 	-42.782 	
445.572 	-10.001 	-21.818 	-39.923 	-36.857 	-19.957 	
72.018 	162.166 	-530.407 	31.072 	3.487 	13.512 	
-1379.799 	-5642.109 	-5643.869 	-25.221 	-97.388 	-97.365 	
-27944.956 	9480.796 	-3046.417 	-752.436 	251.398 	-80.909 	
1414.238 	983.935 	-541.928 	17.600 	10.146 	0.995 	
543.460 	15.317 	60.716 	10.153 	-33.774 	-11.879 	
5331.481 	-2226.647 	-1603.876 	94.126 	-37.937 	-24.352 	
-35.867 	1711.203 	1187.587 	3.110 	22.407 	18.684 	
60.841 	330.209 	20.873 	13.448 	2.271 	-1.924 	
464.667 	-79.222 	29.234 	32.397 	23.320 	-15.997 	
432.505 	190.109 	32.866 	-0.770 	-55.388 	0.877 	
1912.110 	664.988 	-130.131 	21.509 	2.498 	1.148 	
648.930 	-1321.528 	-534.302 	15.379 	-26.325 	-5.733 	
760.569 	53.154 	181.092 	30.006 	13.416 	13.679 	
713.298 	1622.479 	-220.421 	3.274 	31.253 	3.084 	
816.751 	-589.757 	285.674 	15.308 	-1.549 	4.173 	
2715.865 	927.166 	-76.394 	42.837 	14.629 	-0.791 	
774.311 	56.977 	81.048 	-47.137 	11.007 	0.892 	
1712.001 	846.129 	-126.452 	14.401 	6.442 	-10.353 	
600.581 	-224.806 	79.108 	21.193 	16.598 	-27.641 	
722.631 	175.736 	358.232 	13.007 	6.570 	13.367 	
366.699 	214.388 	-13.319 	-28.112 	1.017 	-11.444 	
-580.116 	-3251.015 	-2942.591 	-36.264 	-99.563 	-87.571 	
4350.078 	545.097 	3757.865 	138.884 	14.925 	146.860 	
2415.858 	396.406 	-397.677 	32.089 	10.466 	-3.261 	
476.063 	-33.258 	-3.840 	22.029 	15.104 	-3.473 	
493.349 	-261.113 	2.170 	46.713 	49.865 	-15.192 	
662.728 	-83.144 	65.858 	10.509 	39.030 	25.963 	
103.309 	229.354 	163.372 	-0.692 	-35.673 	2.348 	
503.981 	-52.594 	-135.711 	-43.716 	32.038 	-36.263 	
-614.764 	740.672 	-419.145 	-84.626 	69.142 	-34.903 	
1179.499 	-470.974 	1030.849 	-1.995 	-4.686 	12.663 	
337.104 	-116.556 	43.307 	-1.685 	-25.912 	23.796 	
989.884 	393.185 	242.060 	25.814 	15.232 	4.619 	
306.700 	-182.132 	72.569 	-27.321 	-7.260 	-8.004 	
1210.644 	515.494 	-340.049 	3.222 	-8.059 	5.915 	
899.537 	-226.174 	-327.819 	51.465 	-23.636 	-33.042 	
5565.312 	7368.984 	-7519.713 	104.094 	136.570 	-137.971 	
1084.855 	-637.785 	-33.512 	54.761 	-40.996 	-1.574 	
592.794 	-43.256 	109.057 	11.634 	2.166 	-23.676 	
-173.233 	-966.865 	-312.158 	20.961 	-3.627 	-3.353 	
490.356 	732.014 	-171.573 	-6.592 	-15.479 	-8.678 	
2478.569 	-9171.784 	-9588.277 	44.621 	-166.318 	-172.215 	
328.517 	-151.307 	-54.827 	-13.750 	35.079 	-10.159 	
511.906 	65.760 	43.488 	0.537 	-27.664 	22.725 	
11312.199 	3457.073 	-707.348 	258.484 	81.268 	-17.479 	
383.071 	-54.378 	79.864 	7.154 	14.283 	2.978 	
707.678 	141.116 	-15.082 	-1.931 	28.913 	0.540 	
243.216 	-201.699 	90.732 	-1.072 	-9.568 	52.968 	
-3157.054 	1025.397 	482.360 	-81.886 	18.103 	6.833 	
-16115.112 	-21183.769 	5889.436 	-389.566 	-501.771 	139.323 	
3012.766 	-2706.546 	-426.725 	118.859 	-119.465 	-19.994 	
16561.822 	-2392.668 	3847.499 	503.198 	-74.611 	121.345 	
12013.997 	-5283.382 	-8067.687 	239.642 	-106.496 	-159.105 	
428.143 	-16.099 	47.167 	-2.841 	52.549 	-17.327 	
-29.139 	983.160 	951.198 	-12.801 	11.339 	8.056 	
-17442.024 	-973.996 	-3448.665 	-554.361 	-30.669 	-105.566 	
1249.075 	-2957.624 	5705.480 	23.673 	-53.955 	103.863 	
495.007 	-188.785 	135.305 	-34.542 	-13.707 	-13.224 	
53.833 	442.364 	-368.609 	-32.252 	4.498 	1.350 	
476.299 	-115.461 	-106.480 	13.947 	19.356 	-53.928 	
399.931 	-138.772 	-56.013 	23.015 	-32.916 	13.379 	
120.711 	-736.063 	-826.165 	10.488 	-10.176 	-1.117 	
384.412 	-218.680 	-51.978 	-44.944 	-59.096 	-26.215 	
1832.797 	-2855.418 	-1314.198 	52.678 	-103.642 	-48.985 	
-254.251 	4055.520 	353.939 	0.172 	70.044 	5.528 	
440.718 	-490.138 	-158.228 	15.170 	-6.387 	1.381 	
209.264 	-5847.150 	468.287 	-5.623 	-135.250 	9.626 	
2316.697 	1899.058 	294.961 	41.675 	40.018 	2.671 	
390.907 	-247.077 	-111.370 	-27.335 	-6.534 	-16.306 	
575.863 	-118.543 	49.224 	20.638 	-36.919 	-10.676 	
1205.753 	960.271 	391.016 	7.662 	13.840 	10.004 	
-4749.035 	1823.698 	-1890.338 	-80.642 	31.915 	-33.018 	
63.945 	-315.290 	-14.785 	5.993 	39.452 	-8.653 	
-8424.237 	5379.635 	12351.161 	-167.095 	105.603 	246.597 	
372.150 	-337.786 	233.143 	-14.247 	-27.271 	31.626 	
-577.456 	-375.896 	-92.488 	-72.179 	-12.258 	-5.436 	
-516.705 	-514.893 	-5542.108 	-6.087 	-7.491 	-97.055 	
262.039 	-51.335 	-65.896 	56.376 	11.163 	5.672 	
13677.346 	-1461.228 	6908.977 	341.589 	-41.011 	180.375 	
1046.134 	-121.896 	-102.990 	219.661 	-27.296 	-35.731 	
1043.510 	-735.946 	-385.789 	3.213 	-10.365 	0.696 	
-219.844 	1572.671 	1204.024 	-19.865 	32.869 	22.047 	
-387.035 	-1298.738 	570.808 	-11.939 	-24.255 	16.630 	
129.078 	-108.397 	-886.401 	23.940 	-2.399 	8.295 	
378.132 	-184.595 	-109.500 	-5.276 	6.281 	10.089 	
1967.490 	866.063 	1354.834 	31.592 	16.340 	25.170 	
404.250 	-91.703 	24.106 	24.501 	-4.487 	7.804 	
12396.099 	-24404.377 	32099.335 	257.714 	-507.532 	669.096 	
15228.827 	-8371.301 	-9650.717 	353.032 	-199.890 	-230.078 	
377.108 	-142.483 	5.082 	9.776 	-0.645 	19.209 	
2080.868 	822.945 	-831.105 	26.121 	10.589 	-11.953 	
171.000 	195.281 	-143.937 	20.896 	9.571 	29.722 	
480.794 	-480.150 	-195.847 	40.995 	-16.651 	-1.347 	
930.807 	-566.064 	-346.639 	30.465 	-30.078 	-15.295 	
9166.747 	716.396 	163.292 	173.260 	11.341 	2.117 	
1040.098 	845.160 	144.494 	5.876 	-0.848 	-5.286 	
475.419 	-900.474 	316.371 	-22.795 	-2.671 	0.735 	
-1005.960 	10669.048 	1265.083 	-19.143 	188.220 	22.905 	
-1886.832 	-716.898 	13.416 	-42.969 	-9.511 	3.271 	
633.827 	-22.987 	87.852 	33.952 	36.241 	-4.781 	
574.728 	-121.764 	170.342 	37.927 	6.087 	-45.866 	
413.339 	-336.423 	-36.742 	-5.716 	-31.925 	-6.366 	
1129.018 	-783.580 	789.386 	3.684 	-6.962 	5.576 	
444.948 	94.647 	-86.202 	35.598 	21.593 	17.524 	
552.308 	434.859 	-78.145 	-5.465 	-30.493 	-6.370 	
-559.682 	2619.643 	-747.835 	-34.196 	96.771 	-27.328 	
259.009 	-2.482 	312.827 	-8.117 	-0.720 	-44.761 	
6778.254 	2918.529 	4211.617 	151.535 	68.900 	100.135 	
3215.789 	1010.808 	-467.018 	54.461 	21.874 	-9.863 	
430.127 	-90.896 	-175.538 	32.861 	-2.283 	33.125 	
1641.799 	654.849 	42.763 	2.704 	8.860 	-0.151 	
90447.851 	-47718.456 	-4311.042 	1665.264 	-877.330 	-79.981 	
454.632 	-251.069 	-114.968 	-15.129 	17.037 	54.310 	
2041.209 	1863.279 	768.960 	29.989 	39.509 	14.341 	
-5111.370 	10433.734 	10111.786 	-131.801 	248.029 	240.654 	
28294.934 	10021.007 	-24616.125 	524.884 	185.454 	-457.075 	
432.248 	-237.319 	-15.702 	21.273 	-16.879 	3.414 	
1933.218 	2615.772 	-2528.878 	34.325 	40.562 	-36.728 	
493.398 	1.985 	-126.654 	-9.065 	-1.668 	-1.108 	
545.548 	-10.669 	109.888 	10.921 	-18.698 	-28.395 	
-872.833 	-686.331 	-1657.127 	-33.454 	-7.946 	-51.557 	
26821.986 	-9287.174 	2453.348 	701.027 	-246.593 	65.070 	
3330.736 	1734.151 	466.055 	62.129 	30.258 	15.285 	
393.687 	-231.658 	106.537 	-8.624 	9.781 	-66.958 	
362.786 	-170.548 	-11.334 	-25.001 	-49.089 	-42.727 	
-403.204 	-376.170 	-63.630 	1.375 	-10.156 	-5.841 	
-7408.743 	19166.067 	-31690.637 	-155.073 	400.601 	-660.455 	
11569.040 	3109.920 	22178.720 	228.659 	62.866 	440.641 	
411.376 	-404.197 	36.503 	2.633 	-14.614 	-12.624 	
470.095 	3.150 	152.250 	7.912 	6.710 	-38.256 	
908.724 	8.088 	-18.397 	-33.861 	17.254 	10.860 	
-67.482 	-212.730 	320.669 	12.371 	3.870 	-1.001 	
4593.948 	-5.151 	-1456.823 	94.425 	0.764 	-32.146 	
514.908 	-269.502 	-110.426 	5.081 	-26.303 	-7.866 	
247.467 	99.406 	11.525 	-21.688 	-31.759 	3.404 	
350.732 	-69.871 	-129.455 	-11.824 	5.955 	-8.534 	
364.490 	-214.395 	703.736 	-25.034 	-7.591 	-6.558 	
1810.296 	806.995 	-344.779 	15.146 	7.679 	5.578 	
552.018 	-21.407 	154.820 	-21.420 	-11.483 	-27.717 	
114.789 	-206.451 	393.270 	-5.901 	11.893 	-29.956 	
372.942 	-63.098 	-25.715 	30.092 	38.376 	9.608 	
-1975.797 	5991.085 	4811.876 	-57.176 	139.387 	112.893 	
2843.255 	438.114 	-8.854 	44.961 	10.655 	-3.052 	
1605.678 	604.378 	5.397 	5.959 	4.678 	-3.071 	
863.741 	-1326.170 	-1770.081 	21.525 	-37.044 	-53.119 	
2228.568 	694.041 	-213.798 	23.437 	11.628 	-6.780 	
1685.980 	2153.579 	-1433.690 	26.616 	27.201 	-16.428 	
759.339 	-105.058 	116.162 	9.189 	41.235 	-1.783 	
-5990.878 	2134.845 	3536.452 	-105.539 	36.172 	62.734 	
-9295.464 	-3102.908 	-15768.768 	-186.011 	-60.589 	-313.320 	
1244.062 	319.897 	1018.073 	3.871 	8.040 	6.435 	
374.400 	-154.032 	-70.748 	-54.765 	-61.026 	-5.706 	
1066.133 	288.887 	-179.707 	-3.765 	-15.497 	11.444 	
552.038 	-24.394 	85.367 	3.287 	-22.613 	3.097 	
245.776 	2346.250 	1249.519 	8.671 	31.767 	18.805 	
398.139 	-397.479 	-11.924 	-48.832 	8.927 	11.200 	
202.654 	-139.457 	-176.384 	6.752 	-9.657 	-18.756 	
233.116 	-172.918 	76.993 	27.437 	-8.868 	-7.877 	
922.451 	162.561 	-169.501 	8.789 	1.760 	4.403 	
-43.225 	-248.029 	-165.791 	-10.055 	-3.755 	-8.974 	
777.697 	368.283 	247.070 	39.624 	22.992 	28.406 	
1517.414 	236.980 	2130.844 	20.455 	5.452 	41.420 	
373.456 	44.132 	-173.059 	11.491 	4.258 	33.985 	
379.747 	-138.122 	15.533 	-1.538 	-24.381 	42.701 	
1870.240 	755.460 	-302.652 	26.258 	8.963 	2.565 	
-367.483 	2019.679 	-927.041 	-12.438 	38.659 	-16.310 	
644.628 	98.413 	258.507 	7.554 	30.096 	39.857 	
396.751 	282.720 	159.168 	-14.684 	-30.483 	-28.250 	
27.770 	186.008 	308.756 	0.859 	-4.605 	7.330 	
-27441.874 	-9533.096 	25976.718 	-510.337 	-177.699 	482.508 	
-1352.578 	-1944.384 	-963.480 	-46.835 	-50.940 	-27.596 	
624.720 	112.981 	77.655 	19.107 	36.618 	29.434 	
263.887 	161.221 	-262.926 	-3.525 	5.505 	20.923 	
555.451 	-48.729 	91.340 	22.424 	15.933 	1.585 	
-13778.125 	2327.654 	-4251.467 	-373.212 	57.333 	-110.039 	
590.630 	131.805 	66.203 	-0.676 	11.205 	18.299 	
-105.794 	-161.159 	100.573 	12.491 	12.137 	0.416 	
652.036 	-5.444 	-15.383 	-12.068 	17.082 	17.758 	
350.593 	27.672 	101.255 	-46.008 	32.533 	24.388 	
-777.097 	-3794.944 	7507.265 	-12.447 	-68.416 	137.251 	
1059.561 	130.953 	425.787 	-9.839 	-15.677 	-0.294 	
845.392 	2019.432 	-498.344 	6.268 	40.430 	-12.656 	
329.163 	-126.985 	-197.249 	21.964 	-34.112 	-7.045 	
218.731 	-537.634 	-451.104 	4.447 	-34.269 	-27.912 	
2689.436 	1178.822 	404.091 	52.404 	11.920 	2.539 	
-4482.647 	-3163.262 	3939.061 	-116.969 	-74.957 	93.525 	
464.096 	-171.842 	1.961 	30.410 	21.547 	0.413 	
-606.966 	292.142 	-2094.054 	-75.002 	0.547 	-97.173 	
-89727.453 	48436.545 	-5056.056 	-1650.379 	892.125 	-93.690 	
1678.102 	472.483 	22.497 	19.047 	-1.524 	-6.399 	
-1286.554 	-83.139 	104.789 	-23.983 	1.329 	-5.458 	
-914.679 	2336.204 	1674.488 	-57.705 	107.466 	74.234 	
3942.771 	-1947.863 	-1178.271 	92.987 	-49.044 	-28.184 	
225.937 	10.916 	-78.360 	-47.134 	-25.806 	16.873 	
472.165 	-43.295 	352.003 	-6.482 	-25.586 	23.561 	
-15160.292 	4967.040 	4902.769 	-285.245 	88.406 	87.612 	
-58798.825 	-26693.308 	-3495.021 	-1427.266 	-644.136 	-86.995 	
2451.635 	574.449 	3347.103 	59.027 	20.172 	81.215 	
128.484 	-1084.700 	50.664 	11.448 	0.602 	9.211 	
607.311 	-219.409 	-16.888 	5.046 	-13.823 	0.610 	
389.284 	-212.578 	20.875 	-29.582 	-0.882 	-14.756 	
-5890.843 	-34432.271 	8834.710 	-135.575 	-724.918 	184.658 	
436.610 	115.583 	-78.037 	-2.732 	25.225 	-10.377 	
112588.980 	206277.856 	-50314.723 	2486.956 	4580.900 	-1118.272 	
238.593 	1219.910 	-551.014 	-12.270 	-2.012 	0.045 	
315.439 	-250.357 	279.308 	-1.776 	0.056 	-51.930 	
1927.307 	91.494 	180.551 	44.013 	-2.146 	7.102 	
527.284 	-236.149 	93.209 	27.982 	-36.343 	24.581 	
552.867 	-186.443 	17.580 	-12.711 	-22.824 	44.524 	
576.763 	-40.386 	442.210 	16.896 	-9.356 	41.134 	
766.606 	25.401 	-170.527 	18.285 	1.665 	11.141 	
371.785 	-137.585 	113.755 	-1.689 	-27.683 	20.988 	
329.088 	-70.072 	-114.658 	45.034 	-17.357 	-22.529 	
-3151.066 	-3271.272 	3332.589 	-78.942 	-71.681 	67.831 	
834.062 	-871.970 	-133.347 	1.657 	7.781 	7.707 	
-765.077 	-481.707 	-714.124 	-19.889 	-13.632 	-11.539 	
-405.511 	3084.991 	2969.573 	-19.814 	64.984 	63.107 	
384.861 	-294.323 	-56.821 	16.297 	35.061 	-20.377 	
592.622 	-52.699 	187.684 	-49.026 	9.699 	-30.436 	
401.330 	-136.617 	7.427 	-49.627 	54.860 	33.661 	
399.956 	-161.130 	-95.354 	5.574 	-7.880 	-30.616 	
459.583 	-26.888 	-170.523 	14.432 	34.291 	17.288 	
665.137 	240.404 	11.419 	22.958 	13.141 	-0.353 	
51.430 	-64.174 	-224.978 	12.111 	-4.791 	-0.858 	
-486.246 	-1418.129 	-2042.927 	-10.077 	-27.668 	-48.276 	
944.934 	295.931 	160.500 	-25.807 	0.211 	-0.664 	
418.186 	-248.518 	28.506 	-65.043 	2.320 	-18.896 	
165.209 	349.644 	296.215 	-6.986 	-12.922 	-7.266 	
-2630.923 	1591.861 	-552.189 	-63.198 	32.805 	-11.537 	
399.848 	-78.932 	12.499 	-50.417 	20.030 	-36.998 	
-2744.263 	-13656.690 	-9662.743 	-113.716 	-483.821 	-341.910 	
527.091 	-255.926 	-44.306 	-39.738 	11.761 	-27.119 	
2134.639 	-192.952 	537.299 	8.523 	4.618 	5.405 	
911.702 	850.594 	948.260 	13.643 	6.446 	4.280 	
3185.698 	-9417.810 	-404.585 	52.646 	-191.479 	-7.347 	
-7791.790 	-5043.575 	-12254.212 	-247.391 	-150.366 	-372.135 	
277.505 	-948.586 	951.170 	4.388 	-2.562 	9.185 	
522.158 	1.213 	-57.017 	-47.610 	-16.045 	45.390 	
-29.906 	-85.032 	58.711 	-204.102 	-15.144 	27.312 	
3385.424 	-2182.134 	-6340.022 	51.652 	-42.898 	-122.271 	
11302.219 	6217.887 	13473.317 	330.977 	190.686 	406.882 	
-596.460 	-2232.635 	1139.749 	-20.725 	-45.712 	19.108 	
668.668 	-352.230 	-124.475 	2.856 	5.093 	26.985 	
301.567 	-370.645 	16.027 	15.966 	23.938 	-0.689 	
513.733 	-74.315 	59.797 	73.438 	28.204 	-19.337 	
561.258 	17.028 	-43.168 	17.626 	-8.565 	25.783 	
355.615 	124.761 	249.175 	-25.681 	-19.912 	20.875 	
7273.122 	-4495.071 	5239.271 	177.155 	-113.168 	134.121 	
-1387.676 	-814.394 	2349.613 	-35.915 	-18.785 	50.952 	
259.511 	-58.912 	229.687 	-5.540 	-12.655 	-28.636 	
426.252 	144.017 	355.200 	6.589 	8.156 	22.375 	
5907.406 	-12242.044 	4359.535 	120.048 	-273.382 	96.832 	
892.686 	-8.325 	373.834 	-0.431 	-3.507 	0.698 	
802.043 	6.918 	159.916 	-0.252 	38.596 	-28.717 	
-100.133 	-196.991 	-181.853 	-13.739 	-0.637 	2.707 	
-597.907 	-1142.568 	42.540 	6.127 	-11.088 	4.715 	
-396.357 	6590.143 	4201.159 	-21.541 	142.334 	92.110 	
383.439 	-216.517 	-27.327 	62.267 	33.994 	18.398 	
528.817 	207.985 	235.762 	9.853 	40.607 	-4.805 	
-3026.532 	-4873.694 	-754.165 	-70.067 	-84.820 	-12.516 	
-275.614 	-904.585 	1758.048 	-9.200 	-14.751 	29.072 	
50294.100 	29350.743 	61398.015 	912.340 	539.478 	1128.932 	
16695.886 	18018.219 	-4701.628 	387.194 	426.272 	-111.389 	
433.305 	68.712 	-87.761 	19.075 	15.541 	2.897 	
143.483 	-386.142 	222.468 	29.515 	6.325 	-23.949 	
1574.269 	-1094.135 	4067.649 	29.966 	-26.429 	98.321 	
17824.613 	5291.951 	5121.676 	329.086 	100.597 	98.413 	
616.003 	-7.083 	165.040 	2.442 	-4.175 	7.945 	
297.702 	-494.046 	249.476 	24.776 	-22.556 	13.485 	
4727.743 	-1828.855 	-5016.787 	151.042 	-64.436 	-175.306 	
518.334 	-201.654 	159.506 	3.011 	2.936 	-7.029 	
415.466 	-512.695 	100.121 	-1.077 	-40.729 	8.937 	
-5452.046 	-8698.875 	-5748.840 	-115.569 	-162.317 	-106.829 	
391.574 	-397.249 	246.853 	19.612 	12.940 	-35.422 	
-1381.703 	-539.841 	-348.653 	-28.324 	-11.531 	-9.659 	
-22613.715 	20960.225 	-121443.153 	-802.342 	732.769 	-4232.883 	
466.834 	-99.405 	59.352 	-7.619 	-5.712 	25.692 	
-615.241 	4456.868 	784.003 	-36.570 	175.679 	28.151 	
-174024.569 	55377.054 	-80564.034 	-25756.270 	8257.752 	-11898.744 	
-1078.822 	2065.464 	-10447.746 	-33.658 	50.796 	-256.590 	
322.650 	317.733 	-1666.151 	7.068 	8.210 	-26.383 	
474.719 	-232.569 	65.593 	-22.056 	-1.417 	-14.110 	
366.984 	-9.860 	44.522 	-0.908 	-30.291 	-58.341 	
168.414 	161.674 	-143.746 	0.160 	23.960 	-7.544 	
559.351 	53.218 	-269.214 	27.976 	19.496 	17.150 	
-4618.926 	-3467.908 	-6095.732 	-128.023 	-87.820 	-164.511 	
2439.090 	698.782 	-2378.340 	63.063 	21.527 	-73.541 	
-1244.271 	-796.139 	-55.685 	-20.574 	-14.426 	-8.599 	
138.782 	131.433 	31.053 	-2.271 	-11.064 	-14.946 	
641.124 	-334.192 	3.548 	28.884 	13.492 	-11.685 	
469.684 	-32.914 	47.365 	-11.356 	-11.523 	-24.216 	
506.334 	-71.429 	-119.634 	-23.779 	-31.254 	6.784 	
-7193.656 	-5401.328 	490.048 	-178.702 	-127.696 	9.944 	
332.931 	-174.972 	-107.703 	-2.701 	24.807 	52.671 	
190.203 	-251.676 	104.794 	21.740 	-18.630 	37.245 	
21.361 	-634.522 	-139.020 	6.791 	-19.688 	4.572 	
432.035 	-131.338 	60.802 	11.817 	-25.502 	10.008 	
508.294 	-184.520 	-25.555 	-25.914 	-28.242 	38.412 	
400.226 	0.232 	-41.531 	-43.348 	-30.883 	-24.150 	
1316.697 	965.796 	683.597 	-4.713 	3.311 	1.840 	
318.939 	-168.932 	112.242 	5.080 	-13.656 	34.166 	
552.893 	-198.335 	0.958 	-10.744 	16.429 	-8.380 	
217.457 	-2.865 	-272.965 	19.840 	18.363 	-28.141 	
-1878.402 	4606.954 	3506.766 	-59.239 	123.607 	94.452 	
990.753 	8.807 	-132.014 	12.591 	16.674 	-4.723 	
-3060.900 	13494.254 	7807.155 	-74.791 	276.557 	160.832 	
61.904 	-595.880 	127.610 	3.617 	25.258 	-4.714 	
620.654 	-961.916 	-188.264 	-6.239 	-17.468 	-3.491 	
733.375 	70.743 	128.969 	-6.201 	17.899 	7.021 	
450.075 	13.440 	-80.071 	26.160 	-4.257 	-35.992 	
-449.142 	-844.385 	1115.518 	-5.005 	-15.950 	12.145 	
12862.316 	-3442.401 	-3230.775 	216.282 	-61.416 	-57.471 	
-6586.507 	-391.903 	-4797.633 	-171.740 	-10.671 	-118.271 	
1211.904 	-269.507 	-261.728 	-12.431 	-2.665 	-12.787 	
12224.074 	340.863 	3618.832 	223.324 	5.990 	70.751 	
-1217.334 	208.439 	62.666 	-84.559 	-2.007 	8.453 	
2250.209 	-7225.122 	16171.225 	28.422 	-139.395 	309.043 	
375.618 	-34.929 	15.681 	29.365 	-56.336 	-10.648 	
-7218.063 	-603.618 	-1349.085 	-138.902 	-10.283 	-19.595 	
446.446 	-202.118 	85.224 	4.888 	-43.724 	-22.066 	
394.637 	192.630 	106.036 	34.928 	6.137 	-23.075 	
303.753 	31.705 	108.351 	-29.467 	12.173 	27.432 	
-6321.928 	-6999.696 	11476.938 	-162.029 	-167.347 	277.882 	
-172.211 	537.893 	2398.120 	-7.472 	16.358 	48.642 	
1091.486 	801.351 	105.690 	91.963 	117.377 	14.051 	
-1759.617 	-3784.919 	-4880.511 	-51.324 	-88.243 	-113.623 	
-662.665 	657.446 	-786.196 	-62.474 	39.575 	-42.409 	
662.981 	94.946 	240.437 	-25.265 	-8.821 	-1.467 	
579.035 	-497.971 	-491.187 	26.371 	-24.093 	3.793 	
-1219.895 	-1676.883 	1576.563 	-31.629 	-36.205 	34.401 	
348.771 	135.726 	105.729 	-23.443 	-50.332 	-4.141 	
565.996 	-0.673 	74.548 	-3.755 	-22.013 	13.200 	
290.420 	40.380 	16.304 	31.172 	-7.545 	6.185 	
449.049 	146.724 	82.539 	-17.395 	40.890 	-38.288 	
-2352.464 	-321.605 	3634.284 	-54.615 	-8.913 	65.517 	
-7666.964 	8555.247 	-12563.632 	-161.557 	162.578 	-241.061 	
948.181 	182.258 	40.210 	-0.863 	-10.709 	-28.579 	
538.282 	-290.230 	22.203 	-36.011 	11.815 	4.194 	
373.374 	-190.075 	72.003 	-7.703 	-19.485 	-39.108 	
1981.702 	1184.502 	1339.768 	63.288 	55.311 	42.190 	
1072.733 	-4866.924 	-693.851 	28.449 	-186.477 	-29.456 	
653.652 	-195.916 	41.537 	-29.664 	-7.990 	7.682 	
759.874 	135.886 	-284.967 	9.160 	-3.779 	4.703 	
-3147.668 	-1206.316 	-299.429 	-108.069 	-39.065 	-6.554 	
-14388.406 	3990.429 	-4986.448 	-289.706 	77.820 	-96.674 	
2606.482 	11551.873 	9398.238 	76.394 	411.370 	334.885 	
-445.689 	-995.236 	591.464 	-2.602 	-8.636 	6.885 	
-1321.565 	712.756 	-793.822 	-27.442 	11.941 	-18.371 	
755.306 	1159.304 	-740.104 	-11.061 	7.815 	1.179 	
-940.482 	-710.431 	903.880 	-20.879 	-15.796 	15.509 	
-973.826 	248.199 	-2399.710 	-28.832 	3.805 	-51.299 	
12.003 	-624.980 	214.520 	10.269 	17.837 	-10.331 	
-55455.719 	-30803.804 	-62273.469 	-1033.687 	-567.476 	-1146.854 	
130.688 	-235.029 	-71.283 	32.624 	-12.066 	-0.961 	
451.331 	-186.436 	-123.281 	10.309 	-30.567 	-34.492 	
307.177 	-592.341 	55.632 	32.637 	13.575 	24.784 	
-4774.800 	142.899 	257.510 	-92.086 	-1.479 	5.441 	
-4875.168 	-846.044 	-8242.811 	-105.077 	-17.185 	-156.548 	
634.484 	44.488 	-41.420 	39.014 	20.414 	20.944 	
651.523 	-1607.996 	841.982 	13.194 	-24.519 	16.210 	
1104.957 	-177.233 	-70.604 	-12.739 	-9.830 	-1.109 	
-75.200 	-1873.702 	-1586.234 	-4.904 	-37.669 	-32.264 	
399.216 	-213.083 	50.890 	14.241 	-13.330 	45.907 	
-3405.533 	1051.926 	-1223.331 	-70.957 	14.795 	-17.790 	
1323.503 	-257.630 	690.006 	2.202 	-2.676 	11.286 	
36.867 	342.251 	-224.205 	-9.716 	-7.988 	1.707 	
53522.449 	24871.831 	-655.620 	1283.447 	600.313 	-18.481 	
187.944 	-1050.022 	-366.519 	-11.667 	-77.003 	-23.726 	
-17.369 	-56.322 	-121.666 	6.831 	-21.851 	17.870 	
384.642 	-195.262 	-102.999 	60.228 	5.602 	-36.252 	
-1603.607 	-729.677 	-818.036 	-28.907 	-18.096 	-6.825 	
-13568.501 	-2688.743 	-740.073 	-273.576 	-51.532 	-12.415 	
-5873.428 	7266.600 	-3997.947 	-141.431 	159.479 	-88.553 	
439.310 	856.646 	-1794.305 	6.878 	14.206 	-35.088 	
252.077 	29.300 	21.470 	-26.785 	24.040 	22.178 	
-768.304 	219.704 	-701.019 	-40.350 	0.105 	-18.946 	
707.738 	607.023 	-231.913 	17.514 	-11.422 	11.715 	
488.873 	-132.849 	-23.573 	-35.222 	-14.413 	-42.855 	
173.214 	-166.742 	-160.637 	17.672 	-20.591 	8.782 	
352.384 	-65.360 	257.115 	18.868 	-28.369 	-18.007 	
337.989 	-7.395 	54.841 	62.911 	4.080 	5.816 	
454.885 	-87.751 	61.589 	22.581 	-61.934 	12.197 	
7436.928 	3590.365 	149.047 	122.201 	62.979 	2.522 	
-975.800 	179.562 	-2040.797 	-21.496 	2.453 	-41.400 	
174398.256 	-56060.431 	80619.310 	25788.906 	-8228.202 	11946.427 	
419.425 	-53.682 	-7.535 	35.513 	21.304 	39.277 	
489.090 	117.646 	444.946 	10.335 	27.561 	20.219 	
558.771 	-371.769 	-18.563 	17.213 	9.375 	14.806 	
-2978.947 	-3180.514 	-669.424 	-61.629 	-48.147 	-10.926 	
343.997 	-502.092 	887.997 	8.888 	1.991 	-2.513 	
568.154 	86.101 	-101.942 	-11.257 	11.160 	31.600 	
-7002.073 	-3248.672 	-794.318 	-136.127 	-54.468 	-14.385 	
433.581 	-103.224 	-69.238 	-39.457 	5.877 	40.198 	
368.087 	2182.105 	-983.875 	5.129 	43.653 	-20.327 	
-112284.530 	-206405.214 	49549.222 	-2508.042 	-4585.818 	1099.951 	
4660.814 	9829.104 	5394.201 	108.553 	256.417 	140.692 	
313.572 	-1031.807 	-59.241 	16.363 	-2.599 	-12.781 	
2665.262 	3602.600 	-1030.659 	40.005 	74.285 	-22.726 	
128.466 	-825.582 	-59.237 	-1.643 	14.917 	8.334 	
16657.481 	-173.312 	2537.152 	311.617 	-2.206 	48.343 	
5158.739 	34042.242 	-10618.786 	97.244 	717.798 	-225.253 	
516.288 	238.818 	-106.415 	21.217 	18.338 	5.153 	
-185.769 	544.606 	-503.487 	-13.624 	17.336 	-11.051 	
4287.873 	2653.864 	-9672.774 	94.457 	66.254 	-232.877 	
-1732.983 	480.607 	-1109.717 	-32.247 	13.479 	-23.650 	
274.082 	-218.620 	55.987 	18.278 	5.398 	-6.769 	
280.777 	26.268 	152.841 	1.377 	10.762 	10.035 	
23527.952 	-20263.045 	122972.726 	804.819 	-703.077 	4280.339 	
-2022.940 	-1200.771 	1323.650 	-47.133 	-17.186 	21.954 	
355.391 	477.097 	-384.454 	22.020 	-5.296 	-11.699 	
-3504.065 	-3068.542 	11.236 	-85.995 	-63.028 	0.143 	
-3405.111 	-6956.832 	-2027.194 	-102.348 	-180.484 	-52.820 	
-937.820 	-23.565 	-258.376 	-15.790 	0.986 	18.549 	
8653.767 	8253.751 	5093.868 	204.908 	203.960 	124.622 	
237.764 	-576.434 	312.155 	12.258 	20.200 	-0.601 	
242.600 	-148.752 	118.757 	-19.885 	-4.515 	38.353 	
-6283.286 	-4053.732 	-3344.196 	-160.289 	-96.930 	-81.217 	
-2769.992 	-3700.538 	-3934.991 	-74.770 	-86.214 	-89.430 	
458.890 	-114.077 	65.784 	16.582 	59.665 	36.390 	
702.832 	-194.717 	35.117 	4.469 	-60.112 	8.779 	
487.166 	141.696 	322.668 	16.706 	3.582 	29.726 	
6065.055 	12240.005 	-4001.960 	139.934 	301.630 	-99.063 	
-1596.115 	550.190 	-5344.559 	-50.222 	13.333 	-135.995 	
566.128 	-187.766 	118.068 	30.536 	-21.455 	47.732 	
-87.943 	-653.565 	2238.383 	-13.682 	-4.462 	27.647 	
397.335 	-72.334 	-79.611 	-46.681 	8.393 	9.828 	
500.364 	19.880 	207.811 	-4.517 	-10.997 	27.454 	
496.475 	317.576 	136.563 	-13.075 	11.348 	-12.304 	
511.387 	-83.737 	-27.100 	31.483 	25.651 	-2.084 	
381.522 	-345.723 	165.544 	10.316 	13.587 	9.322 	
482.345 	-102.192 	79.994 	-15.243 	52.800 	12.571 	
1344.307 	-256.835 	65.753 	25.022 	-24.649 	7.992 	
623.069 	-192.496 	-342.192 	-22.184 	-9.343 	27.616 	
-2029.929 	-670.374 	-835.588 	-33.736 	-11.543 	-21.777 	
406.455 	-703.761 	-99.055 	13.951 	-21.569 	-0.138 	
-2186.392 	-2058.117 	-165.701 	-53.164 	-46.558 	-6.767 	
504.367 	-67.339 	161.309 	-17.524 	-1.154 	45.354 	
867.847 	-206.507 	-443.769 	8.799 	-0.545 	-8.907 	
-1136.845 	-3259.264 	-1009.666 	-30.660 	-68.448 	-18.836 	
-17959.980 	-887.263 	-3191.659 	-358.643 	-18.761 	-60.564 	
