## Las primeras 200 lineas corresponden a la esfera 1 
##las siguienets 250 lineas a la esfera 2
## Las primeras tres columnas corresponden a la posición en 'x', 'y' y 'z', dadas en kpc, las siguientes tres a las velocidades, dadas en km/s
-34.025 	-289.195 	121.743 	47.413 	-26.321 	0.628 	
213.590 	-71.593 	-77.305 	-24.125 	42.719 	-36.583 	
183.169 	-385.961 	145.104 	17.082 	-26.485 	6.693 	
121.219 	-100.909 	9.390 	39.154 	-15.908 	1.465 	
235.025 	60.765 	0.845 	19.260 	26.443 	11.275 	
111.658 	-198.373 	62.017 	-12.874 	4.980 	13.210 	
184.000 	-60.542 	-34.890 	67.126 	-75.993 	-14.648 	
247.964 	-93.016 	-44.335 	47.158 	-14.608 	-34.583 	
143.273 	-110.591 	-128.176 	57.648 	-20.547 	-38.426 	
243.629 	-20.800 	-44.600 	44.095 	-35.893 	-29.967 	
-346.758 	-303.233 	-229.676 	-23.940 	-2.951 	-23.854 	
-210.843 	-1213.005 	-1203.321 	-23.796 	-101.552 	-99.788 	
187.058 	-141.211 	-18.260 	5.857 	7.052 	25.355 	
149.017 	-3.074 	34.177 	21.701 	5.915 	-12.833 	
119.180 	-47.316 	-96.094 	-30.180 	-38.984 	21.935 	
177.228 	-123.329 	13.808 	32.932 	-54.910 	11.889 	
216.309 	-96.743 	71.234 	47.695 	-8.327 	20.583 	
-66.274 	-182.564 	-111.785 	12.502 	-6.548 	-28.996 	
236.489 	-191.436 	44.846 	43.365 	-22.784 	50.767 	
185.599 	-18.680 	12.932 	20.513 	-43.951 	40.398 	
-361.201 	-51.400 	251.956 	-65.870 	-17.384 	47.556 	
374.895 	35.033 	-54.715 	23.809 	8.963 	-2.591 	
269.704 	-123.395 	-63.733 	120.980 	-49.794 	-9.990 	
123.533 	-64.011 	-77.078 	74.132 	27.684 	20.828 	
236.113 	-140.570 	-64.916 	17.550 	-54.357 	17.974 	
30.900 	-171.923 	-103.450 	13.836 	-0.323 	-10.045 	
134.160 	-106.879 	-30.599 	-41.120 	8.852 	-18.737 	
27.653 	49.246 	11.191 	22.528 	-2.110 	-3.637 	
339.605 	-908.104 	489.672 	72.307 	-171.795 	96.061 	
122.364 	-58.929 	-27.302 	42.696 	-73.367 	58.052 	
159.007 	-129.373 	10.923 	35.291 	20.151 	-32.736 	
222.431 	-118.355 	2.724 	25.229 	35.326 	-53.747 	
12.901 	-260.196 	185.104 	39.253 	-3.017 	-2.834 	
-898.795 	-2448.079 	-1080.108 	-102.625 	-289.240 	-128.025 	
172.847 	-165.714 	-27.317 	23.521 	-32.501 	-29.017 	
203.007 	-57.975 	75.708 	-0.957 	-18.695 	-22.597 	
130.839 	-79.250 	-51.651 	47.366 	-53.571 	-52.640 	
199.264 	-151.098 	-14.256 	62.454 	-67.123 	-59.268 	
240.857 	-29.626 	91.246 	81.436 	-8.764 	-12.328 	
256.954 	-82.857 	-96.942 	-15.071 	-38.338 	-7.719 	
111.244 	-97.632 	-19.870 	-6.902 	6.050 	-20.767 	
184.748 	-135.646 	95.233 	58.314 	-23.728 	-45.110 	
138.585 	-25.246 	11.252 	30.852 	-30.760 	-58.809 	
172.252 	-5.237 	59.912 	58.511 	11.451 	23.764 	
95.107 	-177.430 	-26.770 	15.643 	-58.246 	61.027 	
82.351 	-52.407 	-3.901 	29.029 	40.742 	-12.545 	
1028.080 	982.184 	304.962 	134.214 	117.701 	38.902 	
-7.985 	-71.192 	-12.040 	5.079 	10.407 	7.541 	
113.929 	-13.758 	-74.048 	37.515 	-4.106 	46.014 	
858.340 	-518.324 	-102.082 	151.164 	-117.060 	18.576 	
-149.932 	-59.714 	112.583 	10.606 	-18.576 	25.166 	
126.902 	-2043.094 	-1767.053 	11.995 	-206.443 	-170.577 	
-30.172 	18.892 	-16.361 	41.819 	-2.527 	-0.075 	
112.514 	-70.469 	31.428 	51.894 	-49.474 	-61.973 	
111.424 	-44.779 	-53.573 	-20.787 	76.168 	-62.713 	
-721.996 	-2345.265 	4377.658 	-146.700 	-401.051 	777.499 	
119.458 	-50.154 	-27.517 	11.493 	-39.579 	-59.647 	
110.619 	-5.142 	28.185 	21.746 	15.695 	7.272 	
1313.573 	798.690 	-877.478 	195.346 	113.417 	-124.620 	
305.130 	-125.955 	44.587 	30.793 	-21.750 	37.171 	
-148.993 	71.039 	328.680 	-11.341 	14.737 	44.328 	
82.095 	-76.015 	53.642 	-29.629 	-15.640 	39.791 	
-200.961 	311.582 	-371.597 	0.129 	30.037 	-35.083 	
103.383 	-44.249 	97.972 	36.902 	-17.420 	29.111 	
344.386 	62.262 	170.262 	31.594 	-29.428 	-12.068 	
252.509 	-74.054 	-85.882 	76.291 	-20.254 	-11.710 	
107.752 	-95.670 	-46.000 	32.224 	-60.581 	-71.531 	
259.641 	-219.405 	-24.767 	64.370 	-64.859 	5.232 	
-2525.314 	177.686 	-869.152 	-268.521 	19.396 	-89.277 	
49.201 	-148.901 	71.154 	34.448 	-59.020 	7.143 	
2094.490 	-492.463 	2212.732 	221.758 	-51.629 	235.152 	
254.554 	-16.127 	-142.197 	-0.011 	-34.002 	-5.968 	
97.533 	-52.850 	-26.016 	26.784 	-19.382 	-15.863 	
116.292 	-81.490 	-38.408 	17.579 	-21.055 	8.217 	
198.770 	-176.590 	3.606 	-24.021 	-24.530 	10.613 	
143.243 	-62.779 	-37.672 	111.223 	-1.483 	-12.598 	
-143.926 	-37.249 	-175.525 	-17.170 	-14.107 	-31.765 	
148.203 	-182.431 	-35.983 	69.784 	10.235 	56.479 	
129.943 	-119.414 	13.997 	59.805 	-55.944 	-35.284 	
135.227 	-206.151 	-6.834 	15.598 	-23.050 	-2.645 	
125.535 	-39.678 	-3.773 	35.589 	52.722 	-9.660 	
252.716 	65.617 	-218.609 	35.348 	-21.780 	20.253 	
102.232 	-63.524 	-65.987 	8.057 	-64.918 	-36.148 	
113.408 	84.340 	23.543 	52.461 	-25.126 	5.508 	
790.167 	-658.554 	36.143 	196.561 	-182.226 	57.283 	
142.367 	-237.434 	-54.226 	-18.160 	-14.369 	-10.864 	
-71.590 	-116.908 	-813.637 	8.572 	-4.016 	-74.870 	
92.114 	-84.784 	79.441 	-11.310 	-2.372 	-22.710 	
43.295 	42.674 	47.012 	50.242 	-41.191 	27.337 	
152.864 	22.825 	68.215 	59.316 	35.979 	50.506 	
246.764 	-164.583 	-79.933 	25.186 	-52.430 	-7.897 	
168.989 	-112.030 	-94.751 	-15.096 	-1.382 	-13.778 	
230.835 	-79.935 	-0.696 	34.291 	-57.745 	48.939 	
-402.241 	-21.714 	-293.298 	-15.738 	-4.454 	-36.981 	
211.426 	-106.035 	-37.805 	32.121 	-5.363 	63.641 	
268.523 	-111.895 	7.836 	45.552 	-45.630 	-23.451 	
191.802 	-52.273 	-101.585 	25.507 	-18.905 	-65.322 	
140.731 	-162.016 	-0.048 	67.390 	9.564 	23.529 	
127.110 	-44.212 	-6.006 	52.358 	-12.388 	-1.624 	
102.015 	-158.214 	-21.690 	42.383 	17.524 	-21.224 	
187.635 	-12.156 	-21.812 	10.057 	2.367 	44.054 	
119.600 	35.611 	69.968 	30.626 	44.235 	21.698 	
129.716 	-79.955 	-64.419 	72.774 	37.620 	7.886 	
200.839 	-33.108 	8.335 	41.244 	-4.418 	-36.518 	
177.025 	-110.399 	-5.194 	67.703 	-3.475 	-8.417 	
60.827 	-68.689 	165.172 	34.856 	7.113 	-35.294 	
170.028 	21.351 	15.484 	84.734 	-10.220 	-6.907 	
-148.232 	2152.126 	230.016 	-21.207 	192.237 	23.402 	
247.299 	-114.813 	0.548 	11.622 	-28.665 	13.997 	
140.297 	-178.141 	-65.011 	41.641 	-46.840 	-31.251 	
78.812 	-75.342 	18.591 	8.889 	58.644 	-1.952 	
63.995 	-12.649 	14.382 	-40.196 	-13.341 	-2.283 	
144.249 	1.248 	-189.346 	38.664 	-9.813 	-6.092 	
203.191 	-66.231 	97.258 	-22.858 	-24.897 	21.582 	
158.948 	346.235 	416.947 	33.923 	137.500 	164.797 	
194.175 	-27.255 	-94.967 	-31.418 	17.249 	-30.151 	
160.279 	-5.469 	-112.410 	14.185 	12.085 	-58.521 	
-304.490 	404.909 	63.918 	-97.751 	88.495 	35.885 	
184.199 	5.067 	61.302 	-26.414 	41.523 	25.437 	
234.045 	-106.832 	10.445 	23.662 	-42.281 	2.675 	
235.544 	-192.920 	-19.405 	71.449 	-40.473 	-5.908 	
75310.510 	18246.228 	17419.075 	8125.861 	1972.107 	1874.604 	
200.662 	11.102 	11.380 	32.192 	-7.240 	50.616 	
75.600 	-5.152 	111.078 	0.453 	-51.273 	1.076 	
128.458 	-72.574 	-15.065 	43.255 	-26.172 	81.549 	
118.025 	-77.188 	-45.306 	30.952 	-25.415 	43.135 	
122.804 	-24.283 	-12.173 	-6.578 	23.723 	40.459 	
305.781 	625.369 	-722.444 	32.806 	52.418 	-54.406 	
129.720 	-89.232 	-46.833 	71.076 	22.084 	-69.547 	
84.918 	-31.109 	-21.614 	33.970 	25.048 	0.994 	
192.609 	-169.167 	-21.908 	-13.649 	-33.992 	5.333 	
122.647 	187.045 	-591.159 	29.872 	20.300 	-50.487 	
642.429 	251.272 	762.777 	95.086 	40.789 	117.325 	
78.971 	-104.471 	148.680 	33.190 	-34.599 	-5.840 	
89.448 	11.140 	-82.570 	-37.742 	61.676 	-21.631 	
79.180 	-186.905 	-13.876 	18.770 	-38.799 	12.657 	
233.395 	-150.922 	48.647 	56.350 	-51.198 	-16.276 	
163.483 	-39.962 	-18.972 	-28.400 	-13.187 	-49.424 	
-387.092 	-305.094 	521.496 	-18.874 	-25.075 	42.192 	
584.304 	-95.471 	-59.799 	45.098 	-19.984 	2.232 	
123.461 	83.954 	29.449 	39.428 	-38.836 	-4.059 	
-1395.599 	-1273.242 	1189.657 	-259.045 	-214.442 	212.431 	
80.706 	-73.045 	45.420 	79.534 	15.035 	14.899 	
255.261 	-89.119 	-30.392 	7.429 	-26.108 	-27.050 	
207.253 	-92.893 	60.547 	0.079 	-71.920 	-32.673 	
-3327.321 	-3484.375 	-2346.187 	-3418.783 	-3388.011 	-2289.199 	
189.288 	-247.792 	35.249 	40.170 	-16.983 	41.091 	
145.679 	-74.142 	-120.578 	12.651 	-56.570 	7.397 	
362.475 	-522.973 	-952.841 	55.163 	-70.570 	-160.385 	
160.836 	-240.267 	-8.901 	1.799 	-16.121 	20.258 	
227.433 	-249.713 	1.153 	15.406 	1.790 	-0.263 	
59.452 	-96.784 	6.222 	1.570 	-24.041 	-62.950 	
375.736 	-221.541 	-150.675 	35.943 	-37.900 	-7.777 	
1207.661 	2318.168 	1615.162 	146.738 	274.632 	190.861 	
206.992 	-65.536 	146.991 	18.015 	23.782 	44.865 	
83.724 	85.908 	-264.979 	5.496 	-4.388 	-21.792 	
358.609 	652.973 	-512.502 	26.690 	50.358 	-36.499 	
175.722 	-253.232 	44.137 	58.473 	-55.544 	-41.786 	
-877.933 	919.919 	667.355 	-83.267 	79.450 	64.939 	
90.351 	-7.758 	-15.719 	61.127 	6.502 	-31.548 	
168.315 	-9.025 	10.169 	15.846 	65.909 	-18.742 	
136.113 	-73.986 	113.266 	61.940 	4.537 	-36.086 	
-124.002 	476.593 	641.375 	-31.011 	103.756 	111.160 	
132.436 	-34.561 	-18.712 	29.059 	-40.270 	36.538 	
185.729 	-51.445 	-23.474 	28.059 	30.113 	-21.164 	
121.376 	-103.708 	-107.397 	14.856 	-37.542 	-2.410 	
-259.636 	-418.675 	-644.913 	-45.609 	-60.176 	-97.386 	
-499.648 	-616.059 	210.560 	-55.643 	-79.481 	28.374 	
550.151 	-240.144 	573.230 	79.048 	-25.253 	46.522 	
722.341 	-83.738 	117.270 	88.080 	-36.263 	24.278 	
1409.417 	895.504 	-990.992 	233.460 	166.770 	-168.436 	
160.384 	-137.134 	-175.427 	42.788 	-4.439 	5.351 	
99.198 	-59.222 	-83.609 	62.139 	-45.749 	39.167 	
310.847 	-39.934 	75.049 	25.443 	-47.462 	22.444 	
156.775 	-68.042 	-65.625 	-23.411 	-47.921 	38.747 	
153.239 	-268.938 	643.975 	34.152 	-36.928 	129.024 	
155.673 	-59.208 	-69.367 	22.389 	-55.634 	-26.416 	
127.788 	-141.540 	31.614 	11.351 	33.840 	8.489 	
175.962 	-148.713 	31.815 	23.998 	-60.478 	-7.127 	
187.819 	-47.257 	29.066 	-23.707 	-1.275 	40.581 	
103.972 	-69.277 	51.872 	-14.790 	-40.257 	96.885 	
391.259 	-382.724 	-290.040 	124.197 	-135.830 	-91.412 	
256.836 	-186.300 	-63.941 	41.536 	-39.218 	-20.179 	
359.425 	-1.018 	-1114.687 	76.334 	19.342 	-241.443 	
174.490 	-174.419 	-7.433 	34.389 	15.270 	23.243 	
48.794 	-135.259 	-22.634 	15.813 	-23.933 	18.219 	
194.222 	-151.328 	1.607 	46.186 	-49.387 	15.122 	
138.191 	0.577 	-25.083 	-22.116 	-31.201 	-20.083 	
167.759 	-59.629 	-74.867 	-7.618 	-42.788 	4.783 	
204.883 	9.035 	-153.258 	54.461 	-14.217 	-39.867 	
172.641 	-145.381 	95.201 	10.007 	1.641 	-4.215 	
180.765 	-133.145 	25.001 	55.335 	53.052 	12.487 	
200.887 	-142.638 	71.022 	42.049 	-32.327 	-15.125 	
72.142 	-29.101 	50.031 	12.470 	-30.523 	30.920 	
-56.915 	-138.651 	-10.946 	-19.686 	-10.425 	14.914 	
1031.296 	1562.312 	-4572.959 	161.260 	285.068 	-794.434 	
100.432 	-71.587 	-37.101 	28.497 	-84.418 	19.636 	
3588.040 	3313.619 	2208.543 	3524.533 	3436.796 	2283.368 	
-75288.493 	-18250.604 	-18980.463 	-8113.919 	-1963.482 	-2050.512 	
-29.283 	-139.725 	-61.138 	13.603 	15.059 	32.700 	
476.170 	-310.664 	47.714 	16.666 	2.129 	-28.275 	
609.354 	-388.749 	-37.326 	-38.076 	-29.739 	-44.633 	
592.455 	-426.545 	-108.771 	29.223 	-2.548 	-35.594 	
621.590 	-471.811 	-4.630 	-48.123 	-85.432 	51.329 	
487.882 	-318.387 	6.079 	-63.417 	-51.739 	56.781 	
-2298.362 	506.062 	896.026 	-287.229 	46.736 	81.439 	
200.261 	-1928.538 	-340.867 	-82.407 	-277.537 	-73.124 	
928.990 	-1667.046 	507.094 	28.139 	-225.903 	80.185 	
546.709 	-410.954 	112.964 	-84.698 	-36.148 	-35.271 	
498.772 	-430.651 	37.814 	38.715 	-21.216 	0.564 	
511.626 	-462.847 	-25.805 	-9.789 	4.065 	-2.176 	
488.913 	-446.137 	3.417 	-57.336 	-56.582 	33.828 	
611.458 	-446.516 	-50.971 	-37.709 	9.087 	-3.885 	
507.298 	-353.350 	-29.615 	-49.289 	-42.098 	7.309 	
798.648 	182.742 	-263.682 	-4.979 	-0.550 	-20.715 	
527.331 	-381.806 	-17.148 	-7.679 	-23.808 	62.081 	
508.449 	-428.329 	-39.164 	-66.015 	-97.355 	51.013 	
500.568 	-487.735 	38.829 	53.055 	-80.804 	48.210 	
621.687 	-406.274 	40.022 	29.176 	-6.421 	-53.515 	
565.681 	-393.316 	23.495 	-36.178 	41.712 	-28.825 	
454.085 	-470.127 	-87.661 	-34.443 	-41.017 	66.465 	
576.123 	-526.521 	54.072 	-38.729 	-15.328 	-41.800 	
551.082 	-401.987 	-51.845 	56.054 	-63.365 	-51.224 	
592.867 	-317.886 	-105.408 	-47.492 	-19.943 	18.772 	
509.163 	-463.664 	73.209 	-59.615 	7.185 	25.374 	
1037.441 	-575.462 	106.340 	-6.956 	-46.926 	5.232 	
471.118 	-480.691 	9.228 	-27.821 	-113.941 	-11.707 	
494.459 	-705.842 	58.935 	-43.412 	-176.116 	-11.290 	
982.634 	420.814 	-347.381 	20.651 	43.747 	-29.811 	
1611.921 	-1464.778 	555.502 	192.884 	-233.809 	101.031 	
485.680 	-457.255 	-95.305 	46.620 	-71.730 	29.086 	
464.520 	-458.416 	-1.996 	-31.926 	-85.493 	-50.366 	
614.708 	-487.514 	18.609 	10.797 	-53.615 	66.636 	
1608.533 	-951.141 	612.243 	91.362 	-79.862 	57.943 	
679.629 	-310.943 	2.190 	-43.923 	-34.358 	58.464 	
696.536 	201.906 	811.233 	28.287 	134.310 	201.143 	
521.138 	-476.784 	55.175 	-23.997 	1.994 	42.587 	
-106.373 	-1237.206 	1221.485 	-86.471 	-118.831 	122.408 	
508.335 	-512.922 	30.879 	-59.059 	0.334 	-73.359 	
460.955 	-390.413 	-36.838 	34.257 	31.442 	-21.272 	
587.955 	-479.096 	-18.142 	-104.946 	-43.817 	0.960 	
428.651 	-559.338 	200.214 	-6.777 	-12.719 	-5.562 	
304.413 	-561.942 	-99.342 	-106.040 	-54.922 	-44.098 	
519.312 	-490.273 	62.640 	13.254 	-81.234 	10.073 	
1034.067 	-74.774 	190.780 	112.727 	61.577 	42.834 	
664.358 	-1008.134 	-395.078 	-13.781 	-95.707 	-37.493 	
586.537 	-447.598 	181.835 	-6.787 	-23.829 	34.275 	
570.432 	-393.583 	49.421 	36.356 	-79.891 	-19.763 	
830.219 	-529.061 	30.483 	57.311 	-68.065 	1.491 	
511.684 	-452.111 	-1.955 	-64.077 	-53.398 	-19.568 	
569.190 	-544.314 	34.978 	11.280 	-28.337 	67.111 	
-393.812 	1517.661 	-100.032 	-224.522 	374.445 	-32.934 	
519.982 	-467.314 	29.917 	-39.868 	-21.134 	-8.200 	
468.627 	-443.296 	3.443 	-135.991 	-19.721 	1.652 	
520.648 	-349.178 	200.082 	-8.497 	-19.941 	14.296 	
528.690 	-342.920 	-44.935 	-34.858 	-45.974 	-44.795 	
624.645 	-460.338 	-18.044 	-58.583 	42.537 	6.172 	
506.325 	-381.236 	56.842 	-24.320 	30.408 	-36.471 	
498.894 	-442.757 	-55.051 	-94.381 	-56.387 	62.750 	
579.826 	-461.407 	-43.769 	13.426 	-31.218 	23.420 	
488.535 	-621.834 	-278.841 	-42.678 	-92.164 	-92.535 	
532.808 	-376.843 	-31.340 	-63.794 	-79.832 	-48.666 	
504.116 	-403.986 	7.040 	-18.500 	6.792 	28.816 	
538.661 	-406.965 	7.904 	-63.142 	1.343 	-27.625 	
574.829 	-439.212 	63.554 	-21.508 	-30.014 	-18.443 	
-171.515 	70.280 	-54.670 	-37.609 	53.118 	-23.140 	
406.246 	-530.432 	-10.359 	5.639 	-3.997 	5.008 	
520.154 	-424.953 	16.898 	1.916 	-7.556 	70.867 	
576.415 	-397.539 	627.382 	-28.121 	-18.971 	58.504 	
373.529 	-402.025 	99.866 	11.744 	19.957 	16.332 	
477.263 	-495.781 	27.909 	-56.277 	-22.319 	51.250 	
449.433 	-491.947 	-80.703 	-56.242 	-44.554 	-20.815 	
467.662 	-428.078 	57.688 	-29.109 	-52.975 	33.325 	
598.860 	-490.156 	-10.890 	-46.359 	-33.748 	-23.899 	
603.524 	-504.725 	94.216 	31.604 	-64.785 	31.012 	
536.239 	-446.907 	37.196 	-84.862 	-39.140 	-9.316 	
587.226 	-543.392 	19.539 	16.530 	-15.727 	5.993 	
547.169 	-417.203 	-33.014 	-44.310 	-76.159 	46.170 	
515.600 	-447.027 	112.982 	-67.876 	-36.442 	-39.339 	
663.713 	-324.662 	-220.434 	-25.530 	-32.406 	0.378 	
605.719 	-533.153 	-13.589 	-57.935 	-23.239 	4.961 	
484.232 	-452.586 	26.204 	-38.623 	-60.506 	106.160 	
1032.092 	-157.601 	4.661 	115.610 	16.823 	-9.867 	
450.405 	-586.827 	-127.203 	-56.985 	-167.210 	-38.152 	
576.607 	-463.446 	-31.904 	-71.667 	-66.991 	-1.507 	
457.948 	-504.464 	44.992 	-47.357 	11.169 	-7.907 	
527.561 	-423.711 	-29.745 	-8.901 	-54.626 	1.705 	
428.286 	-454.844 	42.914 	-15.576 	-30.089 	-60.445 	
575.179 	-464.087 	1.503 	29.754 	-50.323 	58.456 	
444.386 	-386.335 	-42.165 	-3.538 	-22.621 	21.184 	
586.839 	-391.681 	109.182 	-42.837 	-48.972 	62.504 	
350.925 	-394.572 	-27.018 	15.106 	-47.578 	3.722 	
-36.370 	409.021 	-566.549 	-132.248 	103.583 	-83.397 	
522.595 	-344.350 	88.215 	-43.080 	-26.070 	53.822 	
510.014 	-427.289 	16.829 	-42.224 	-11.641 	-10.126 	
404.854 	-378.371 	78.817 	-13.339 	-90.420 	15.342 	
420.254 	-381.837 	-22.492 	-44.178 	-47.684 	24.435 	
650.528 	-434.096 	-65.065 	-13.412 	-58.000 	-14.920 	
499.689 	-451.574 	60.455 	-59.878 	-29.456 	-1.071 	
561.038 	-404.748 	-51.557 	-68.103 	4.401 	-44.722 	
530.179 	-432.005 	-44.125 	-43.959 	-107.442 	-28.187 	
327.974 	-611.977 	-173.416 	-46.108 	-86.066 	-40.495 	
500.169 	-442.688 	-4.990 	-28.810 	-25.299 	27.145 	
571.419 	-443.598 	12.641 	-66.809 	-35.819 	-25.080 	
449.307 	-517.070 	-84.760 	-18.119 	-41.523 	15.341 	
506.855 	-491.803 	52.825 	-2.802 	-16.673 	-10.343 	
469.816 	-488.634 	-22.616 	-37.537 	13.266 	-36.177 	
486.401 	-548.926 	11.718 	44.631 	8.605 	-7.193 	
561.521 	-939.583 	-891.998 	-5.762 	-157.414 	-234.314 	
605.874 	-452.311 	-47.084 	-3.011 	-20.271 	18.168 	
-856.010 	470.374 	-918.617 	-288.538 	144.169 	-182.832 	
447.704 	-460.568 	2.190 	-21.787 	-92.125 	26.584 	
522.167 	-564.890 	51.985 	-103.159 	-70.828 	-17.910 	
518.452 	-371.822 	13.040 	-96.550 	-46.694 	-37.995 	
510.751 	-348.193 	78.348 	-7.974 	-67.162 	58.704 	
561.692 	-450.112 	-7.568 	-43.427 	-59.017 	-54.532 	
517.806 	-333.501 	45.169 	13.392 	19.443 	15.210 	
465.217 	-309.880 	-125.975 	-55.890 	-54.378 	-46.357 	
554.023 	-453.804 	60.684 	-47.945 	-112.099 	-7.970 	
585.174 	-163.683 	-27.334 	43.434 	133.777 	-110.035 	
570.224 	-533.087 	-20.778 	-23.632 	-37.751 	-36.222 	
3093.015 	-1153.913 	-635.410 	218.547 	-105.885 	-58.100 	
541.646 	-603.361 	102.404 	-52.983 	-26.297 	7.074 	
430.889 	-570.369 	-36.434 	-15.184 	-8.886 	-20.806 	
539.054 	-431.792 	-38.338 	3.765 	-15.070 	3.649 	
717.237 	-399.885 	318.285 	-9.256 	-9.246 	16.013 	
521.038 	-431.537 	-13.222 	-55.531 	-61.595 	42.428 	
547.778 	-476.810 	-1.007 	7.049 	-50.124 	-69.017 	
-873.149 	-552.810 	-518.703 	-147.096 	-44.348 	-33.675 	
1439.415 	3373.559 	-3216.929 	71.681 	353.148 	-335.340 	
793.896 	56.552 	-657.411 	26.972 	7.084 	-74.904 	
509.360 	-433.174 	-27.521 	-29.451 	-50.439 	-13.479 	
401.821 	-462.525 	-26.957 	-126.517 	-18.136 	-15.686 	
502.880 	-485.740 	36.590 	-36.058 	-88.433 	72.812 	
497.844 	-383.405 	-96.974 	15.032 	-51.726 	31.906 	
370.490 	-413.232 	108.674 	-30.950 	-35.846 	21.705 	
468.625 	-412.609 	79.902 	-39.945 	-33.318 	40.714 	
551.973 	-335.121 	10.675 	-49.703 	-50.457 	-7.279 	
404.637 	-462.137 	-40.169 	-23.140 	38.256 	28.965 	
552.434 	-385.632 	109.108 	18.515 	-51.452 	-38.176 	
500.400 	-391.582 	-70.835 	2.155 	8.570 	2.697 	
730.197 	-257.809 	212.194 	83.881 	-0.566 	117.502 	
331.578 	-907.137 	-295.714 	-11.985 	-60.839 	-15.304 	
664.116 	822.260 	-2.702 	-4.983 	195.824 	-19.263 	
1229.128 	-202.031 	-677.422 	44.395 	-10.784 	-71.991 	
428.442 	-593.379 	3.667 	18.821 	-20.096 	5.444 	
323.017 	-418.939 	-426.948 	-14.633 	-46.335 	-15.507 	
527.148 	-372.031 	9.572 	-19.256 	-45.429 	15.027 	
329.916 	-674.186 	81.888 	-2.147 	-27.260 	14.529 	
689.797 	-441.956 	208.854 	-2.091 	-19.352 	33.994 	
441.576 	-548.868 	247.561 	-52.227 	-31.680 	-4.661 	
469.458 	-405.921 	62.952 	-3.561 	-26.542 	7.319 	
578.944 	-635.824 	-42.548 	-20.301 	-70.426 	6.155 	
508.652 	-455.670 	59.919 	-79.799 	-9.050 	-48.437 	
541.070 	-388.121 	-18.860 	6.428 	-32.239 	-13.074 	
525.301 	-434.953 	-22.691 	64.007 	-81.824 	-13.014 	
559.243 	-392.633 	-20.311 	-63.845 	-24.646 	-63.522 	
381.440 	-371.682 	14.464 	15.006 	-12.675 	-40.773 	
434.056 	-554.507 	24.757 	-20.032 	-69.803 	-3.579 	
578.150 	-425.541 	-15.803 	-12.351 	-68.740 	-56.813 	
475.008 	-409.932 	-23.990 	29.540 	-58.550 	24.353 	
709.941 	-695.196 	-78.689 	-9.627 	-63.802 	-5.450 	
306.870 	-546.810 	-143.529 	-1.567 	-25.269 	15.143 	
470.710 	-398.134 	300.091 	-40.047 	-7.096 	110.043 	
1237.096 	-2080.215 	518.645 	126.261 	-397.279 	99.797 	
431.704 	-437.565 	112.970 	-121.930 	-152.802 	168.358 	
632.896 	-569.677 	-11.140 	-26.125 	-56.097 	20.875 	
746.000 	-441.198 	120.457 	49.495 	-22.173 	36.433 	
373.097 	-275.903 	-28.167 	-39.901 	-10.564 	-38.909 	
613.738 	-431.466 	108.942 	-12.644 	36.523 	-45.295 	
467.854 	-547.510 	-89.282 	-11.588 	-24.432 	-16.206 	
590.784 	-430.888 	-41.416 	17.305 	-80.501 	72.635 	
280.455 	-330.192 	79.438 	-21.284 	-4.581 	-21.132 	
419.622 	-431.643 	43.207 	-68.124 	-15.998 	-49.175 	
504.883 	-525.805 	46.315 	19.251 	30.129 	-22.032 	
584.516 	-461.965 	-18.564 	-20.229 	-29.688 	31.241 	
450.803 	-469.328 	-189.330 	14.798 	-57.846 	-39.722 	
541.345 	-489.416 	53.902 	1.965 	-24.545 	-16.782 	
522.936 	-506.444 	32.653 	-115.815 	-26.620 	-16.530 	
535.189 	-352.574 	19.704 	-8.501 	11.238 	31.580 	
512.099 	-456.469 	17.239 	-20.851 	16.055 	51.447 	
512.133 	-445.614 	-1.630 	26.317 	-40.181 	-4.601 	
576.617 	-394.930 	-0.476 	-20.521 	-52.680 	18.946 	
698.550 	-500.818 	-601.132 	6.546 	-27.765 	-120.142 	
520.726 	-398.752 	-21.937 	-111.472 	-68.284 	-19.879 	
495.379 	-426.960 	5.954 	21.172 	-15.285 	38.881 	
537.753 	-565.937 	105.114 	-59.750 	-39.178 	-42.467 	
575.458 	-567.097 	166.340 	3.034 	-52.748 	-30.713 	
591.205 	-441.044 	-9.947 	28.340 	27.896 	10.981 	
-87.039 	-1321.852 	824.147 	-154.150 	-232.788 	185.903 	
658.025 	-391.854 	-21.310 	-27.305 	-70.033 	-61.667 	
393.825 	-479.593 	12.965 	-54.375 	-61.175 	31.598 	
1859.563 	318.968 	-2.160 	126.507 	31.803 	-1.298 	
493.617 	-460.648 	-41.530 	-47.343 	-44.618 	13.870 	
527.281 	-347.846 	-106.155 	-27.527 	-90.165 	-8.223 	
490.883 	-434.345 	23.314 	-76.081 	2.208 	-56.132 	
421.018 	-557.495 	183.826 	-37.072 	-40.220 	-15.595 	
523.860 	-480.948 	0.337 	-31.035 	13.978 	-36.170 	
274.950 	-614.016 	73.878 	-10.070 	-5.304 	-8.621 	
593.718 	-409.593 	64.840 	-48.670 	18.709 	-58.785 	
583.472 	-374.491 	113.748 	-48.251 	-71.619 	2.957 	
-86.153 	-761.559 	-168.842 	-60.869 	-42.448 	-12.555 	
575.863 	-369.149 	-27.715 	-90.409 	-66.495 	20.822 	
784.309 	-851.297 	259.824 	0.991 	-56.028 	37.393 	
581.670 	-387.256 	16.691 	9.734 	-9.043 	-34.595 	
453.154 	-494.508 	36.446 	7.099 	-23.475 	0.804 	
587.924 	-593.515 	5.295 	-3.808 	-21.913 	-70.883 	
667.577 	-433.712 	7.032 	37.853 	8.967 	-49.638 	
470.563 	-451.443 	15.753 	-62.434 	31.697 	93.615 	
-1464.463 	-3732.488 	2990.445 	-231.580 	-387.941 	311.601 	
1024.195 	-52.322 	-254.818 	83.774 	41.701 	-46.981 	
604.358 	-404.372 	13.426 	-21.259 	-19.927 	2.144 	
534.291 	-464.990 	64.310 	-60.561 	-20.801 	-35.197 	
527.267 	-421.086 	-20.583 	-1.429 	-16.757 	-81.878 	
614.028 	-492.084 	39.255 	-42.241 	-108.166 	22.634 	
498.133 	-485.758 	35.788 	-36.717 	-38.813 	-87.995 	
1511.725 	629.742 	-703.184 	268.354 	297.682 	-219.854 	
572.207 	-449.777 	-14.377 	67.881 	-70.459 	30.487 	
538.728 	-480.855 	58.308 	26.963 	23.130 	13.825 	
634.988 	-990.756 	597.914 	-7.662 	-142.550 	158.471 	
576.842 	-363.078 	-51.109 	-7.264 	53.349 	51.129 	
434.449 	-424.926 	-55.086 	-15.694 	-20.066 	-10.316 	
510.328 	-384.145 	73.202 	-23.382 	-22.597 	27.440 	
468.077 	-486.002 	22.777 	5.315 	-139.535 	13.522 	
-523.077 	-1620.956 	1254.525 	-344.919 	-381.303 	371.074 	
473.439 	-420.750 	-40.135 	-5.188 	-11.047 	1.601 	
535.155 	-413.095 	49.760 	16.949 	-15.283 	25.183 	
290.364 	-485.036 	78.204 	-8.168 	-54.765 	4.823 	
526.329 	-405.491 	-45.881 	16.804 	-76.044 	-53.284 	
533.130 	-483.487 	20.278 	-86.847 	2.107 	-28.351 	
536.975 	-425.657 	-36.817 	-110.615 	20.261 	14.747 	
363.320 	-573.312 	84.556 	-128.350 	-189.652 	-26.291 	
681.033 	-312.670 	-92.475 	22.730 	25.978 	-7.207 	
521.436 	-361.206 	-64.060 	9.212 	-73.398 	7.021 	
353.477 	-521.294 	-84.323 	-47.756 	-61.242 	-31.173 	
839.165 	-1442.428 	39.786 	33.800 	-146.789 	-7.656 	
519.826 	-381.384 	226.014 	-18.526 	-20.241 	-7.614 	
540.480 	-388.282 	-47.950 	67.109 	-51.279 	-42.447 	
490.924 	-390.322 	92.157 	4.039 	13.391 	35.940 	
382.097 	-169.646 	7.906 	-32.562 	-26.502 	-5.928 	
465.644 	-413.520 	-42.985 	-42.843 	-62.382 	47.007 	
594.430 	-350.871 	48.528 	-15.749 	-62.951 	72.532 	
516.000 	-508.677 	63.613 	-89.847 	-3.228 	7.578 	
511.599 	-332.304 	-35.397 	70.077 	95.111 	-185.046 	
519.643 	-477.542 	-62.038 	-10.787 	-40.094 	49.690 	
563.391 	-471.388 	12.128 	-6.715 	32.921 	-28.829 	
523.641 	-503.364 	12.058 	37.659 	-51.689 	16.742 	
456.151 	-474.481 	-10.465 	-72.281 	-50.224 	-37.988 	
572.732 	-466.353 	32.430 	-79.665 	13.371 	-13.013 	
448.085 	-554.355 	-33.792 	28.435 	-63.424 	-5.026 	
