## Las primeras 200 lineas corresponden a la esfera 1 
##las siguienets 250 lineas a la esfera 2
## Las primeras tres columnas corresponden a la posición en 'x', 'y' y 'z', dadas en kpc, las siguientes tres a las velocidades, dadas en km/s
267.804 	-366.479 	80.487 	86.359 	-9.158 	-23.799 	
67.306 	-25.104 	-114.076 	-20.161 	-15.145 	7.065 	
343.292 	-486.980 	94.422 	56.395 	-26.980 	-40.615 	
316.629 	-181.376 	7.134 	34.068 	-33.194 	-29.884 	
271.913 	25.058 	40.172 	4.608 	-35.989 	3.147 	
202.996 	-134.204 	43.875 	51.835 	1.037 	-12.900 	
362.457 	-356.367 	-26.824 	24.272 	-49.079 	-0.290 	
285.515 	-241.804 	-73.762 	-2.974 	-46.918 	31.634 	
351.521 	-229.634 	8.246 	26.848 	-30.790 	76.698 	
301.208 	-243.784 	-13.355 	28.344 	-35.482 	37.565 	
-430.664 	-313.039 	-329.322 	-13.232 	-1.846 	-19.692 	
-318.209 	-1676.710 	-1657.862 	-22.993 	-100.247 	-98.067 	
277.382 	-145.719 	24.116 	33.587 	-28.406 	-24.247 	
258.242 	-171.597 	-29.151 	35.196 	-70.948 	10.889 	
245.793 	-243.202 	67.689 	71.302 	-33.895 	10.912 	
364.740 	-62.960 	-434.897 	53.054 	58.733 	-172.258 	
271.757 	-184.634 	-35.728 	-14.877 	-58.873 	-34.356 	
78.038 	-199.373 	-196.105 	48.440 	-4.243 	-6.710 	
378.032 	-254.532 	112.714 	29.471 	-3.391 	-7.628 	
249.592 	-296.961 	7.633 	31.748 	-45.863 	-32.141 	
-642.708 	-135.410 	461.202 	-57.779 	-18.996 	43.960 	
416.859 	-12.021 	-48.482 	-4.844 	-34.007 	4.756 	
717.061 	-400.181 	-54.100 	77.550 	-70.699 	8.107 	
413.731 	-189.257 	31.646 	32.679 	-55.131 	8.008 	
261.378 	-253.272 	69.135 	10.043 	9.125 	14.040 	
271.457 	-146.082 	-24.611 	102.080 	-14.248 	42.927 	
262.537 	-138.279 	-37.463 	65.438 	-54.588 	21.611 	
286.648 	-130.683 	-20.003 	88.878 	-81.035 	-7.068 	
672.697 	-1684.529 	920.183 	72.222 	-166.942 	92.182 	
63.408 	-806.755 	-605.660 	-196.224 	-434.175 	-479.643 	
296.337 	-98.688 	-96.410 	29.936 	-25.271 	0.085 	
227.809 	-86.077 	-97.402 	7.052 	-29.622 	12.089 	
265.950 	-247.285 	83.153 	73.488 	7.445 	-53.561 	
-1369.792 	-3776.562 	-1668.039 	-102.274 	-288.623 	-127.718 	
280.107 	-402.096 	408.290 	19.482 	-88.399 	180.185 	
220.200 	-207.428 	-90.479 	29.887 	-36.139 	-16.006 	
317.357 	-178.769 	-26.599 	21.660 	-47.573 	44.290 	
463.551 	-386.648 	-92.263 	46.411 	-56.240 	15.812 	
494.687 	-169.106 	-33.687 	26.123 	-48.499 	-32.036 	
208.524 	-213.062 	65.456 	25.636 	-10.091 	46.663 	
244.822 	-183.951 	-44.170 	72.879 	-44.250 	42.889 	
325.131 	-270.129 	-143.297 	12.623 	-29.357 	-19.477 	
273.603 	-319.498 	-151.075 	46.655 	-65.859 	4.073 	
341.361 	-101.191 	22.863 	15.983 	-57.348 	-27.719 	
263.561 	-317.329 	164.104 	53.942 	-17.338 	15.961 	
479.970 	-36.865 	-59.971 	84.614 	-28.703 	-5.037 	
1642.095 	1518.193 	482.419 	132.991 	115.740 	38.366 	
111.647 	-73.340 	35.508 	44.615 	-18.914 	8.497 	
304.413 	-188.169 	146.069 	41.506 	-57.962 	13.443 	
1518.633 	-1044.287 	-8.428 	139.834 	-112.750 	20.819 	
-37.572 	-158.250 	199.562 	36.784 	-24.887 	12.317 	
182.246 	-2990.712 	-2549.700 	12.059 	-205.774 	-169.895 	
264.042 	-95.215 	-2.501 	74.944 	-63.322 	-2.942 	
373.107 	-228.877 	-173.758 	38.182 	-26.773 	-5.803 	
117.718 	172.792 	-233.217 	8.950 	32.899 	-29.912 	
-1396.493 	-4189.306 	7952.553 	-146.660 	-400.970 	777.320 	
352.972 	-329.684 	-54.068 	72.131 	-46.935 	37.603 	
313.461 	-208.769 	-47.249 	49.008 	-92.228 	-13.708 	
2209.823 	1317.784 	-1448.468 	194.527 	112.518 	-123.851 	
311.702 	-262.915 	67.309 	-20.291 	-38.977 	-34.190 	
-179.980 	123.818 	511.491 	-3.250 	8.677 	36.216 	
195.352 	-155.583 	89.069 	58.197 	-29.774 	-24.475 	
-188.271 	435.147 	-522.418 	4.785 	24.158 	-30.892 	
316.950 	-202.651 	-6.745 	50.500 	-44.829 	-75.851 	
432.374 	-144.128 	57.130 	0.396 	-62.866 	-38.659 	
438.528 	-238.854 	-41.645 	5.743 	-44.530 	26.393 	
340.571 	-192.157 	-107.513 	52.843 	-14.661 	44.154 	
514.088 	-565.306 	12.708 	20.674 	-106.389 	12.408 	
-3758.516 	266.637 	-1279.204 	-267.897 	19.302 	-89.085 	
349.279 	-333.888 	11.658 	80.808 	-23.321 	-26.016 	
3113.105 	-729.766 	3292.632 	221.315 	-51.583 	234.597 	
209.966 	-241.903 	-8.154 	4.423 	-52.007 	55.263 	
383.484 	-267.009 	-61.544 	52.084 	-78.143 	17.872 	
250.971 	-187.133 	-65.206 	63.285 	-30.823 	19.835 	
259.459 	-141.345 	36.555 	58.186 	7.529 	1.020 	
446.677 	-199.317 	-29.084 	25.219 	-52.343 	14.314 	
-175.792 	-114.752 	-295.734 	1.083 	-19.335 	-21.652 	
402.032 	-62.383 	143.018 	38.530 	8.880 	15.411 	
412.072 	-358.496 	-28.951 	35.661 	-67.419 	9.339 	
330.546 	-139.215 	11.181 	42.309 	10.163 	20.586 	
299.512 	-79.923 	-29.973 	33.805 	-45.966 	11.241 	
361.594 	-133.567 	-46.500 	1.147 	-70.905 	55.113 	
372.821 	-217.056 	-15.161 	47.782 	-12.023 	32.416 	
310.138 	-285.041 	-24.633 	27.491 	-81.969 	-20.852 	
1669.443 	-1476.200 	295.720 	188.964 	-176.004 	56.009 	
200.146 	-175.250 	-27.587 	55.435 	25.446 	15.331 	
-26.020 	-137.674 	-1142.938 	10.919 	-5.002 	-68.871 	
223.135 	-119.932 	-89.470 	67.182 	-32.146 	-28.271 	
344.032 	-262.402 	13.374 	46.029 	-63.238 	-51.321 	
401.890 	46.478 	183.940 	49.188 	-13.918 	11.426 	
326.696 	-307.601 	-38.696 	-5.013 	0.395 	-3.685 	
153.130 	-180.724 	17.054 	30.227 	-40.218 	31.001 	
256.724 	-357.430 	25.769 	10.451 	-45.581 	-25.445 	
-453.326 	-47.810 	-452.888 	-7.249 	-6.888 	-32.651 	
276.817 	-204.534 	91.022 	12.985 	-33.720 	-25.474 	
293.230 	-288.045 	-87.809 	-2.192 	-26.587 	-7.168 	
286.961 	-193.692 	-178.634 	25.163 	-39.552 	26.212 	
374.342 	-214.100 	-3.383 	10.861 	-22.761 	-25.334 	
317.129 	-235.880 	-5.396 	83.339 	-36.640 	-6.974 	
379.603 	-89.358 	-84.021 	52.962 	-25.629 	-5.099 	
207.525 	-201.960 	72.391 	22.148 	-69.145 	-17.042 	
295.313 	82.786 	83.372 	40.776 	-14.194 	-7.945 	
362.053 	-58.765 	122.142 	42.023 	-30.478 	30.927 	
243.494 	-198.367 	-40.361 	13.594 	-42.912 	24.755 	
337.399 	-197.543 	-19.016 	-6.626 	-41.549 	1.301 	
339.039 	-139.926 	-123.727 	72.781 	-43.277 	-56.330 	
400.326 	-233.626 	-19.403 	11.894 	-77.943 	-3.195 	
-245.318 	3033.610 	337.343 	-21.040 	191.253 	23.290 	
9.984 	-308.063 	41.139 	-32.627 	-34.151 	1.997 	
374.255 	-274.407 	-38.845 	42.623 	-6.378 	30.022 	
299.932 	61.992 	-31.466 	58.569 	0.069 	-12.032 	
144.094 	-166.799 	-26.868 	66.115 	-48.149 	-4.720 	
322.370 	-140.748 	-60.726 	31.514 	-63.660 	59.981 	
151.535 	-180.751 	-11.855 	24.764 	-13.582 	-48.456 	
316.357 	965.820 	1164.337 	34.323 	133.166 	161.202 	
121.725 	-77.454 	-81.891 	6.430 	-27.748 	21.867 	
259.718 	-77.265 	-246.931 	27.621 	-33.025 	-7.110 	
-743.352 	800.531 	227.077 	-93.910 	84.425 	35.174 	
95.143 	41.940 	74.378 	-7.661 	-12.504 	-7.823 	
404.481 	-195.571 	-15.898 	-3.233 	-29.752 	-13.984 	
467.627 	-352.340 	-28.065 	26.633 	-44.836 	1.103 	
112677.877 	27315.108 	26039.581 	8125.860 	1972.107 	1874.604 	
266.550 	-193.456 	105.909 	18.280 	-79.540 	-17.326 	
232.986 	-267.865 	-35.871 	71.738 	-43.260 	-51.730 	
339.440 	-192.816 	110.919 	37.478 	-28.754 	-9.824 	
441.305 	-152.104 	176.110 	57.581 	-30.276 	19.626 	
266.152 	-137.138 	49.499 	52.287 	-67.234 	-17.696 	
456.374 	857.830 	-964.791 	32.661 	49.015 	-51.325 	
386.408 	-123.300 	-163.389 	45.949 	-30.537 	9.706 	
332.001 	-170.685 	4.053 	54.434 	-75.133 	-18.615 	
239.818 	-137.820 	6.887 	51.183 	-12.118 	-9.398 	
263.348 	267.754 	-804.290 	31.054 	15.179 	-42.974 	
1075.910 	432.359 	1294.831 	93.511 	38.473 	114.336 	
305.353 	-220.764 	-53.320 	59.218 	-16.097 	-59.412 	
-7.087 	190.572 	-128.058 	-11.984 	27.083 	-5.985 	
360.486 	-202.966 	48.723 	71.637 	10.373 	-1.607 	
341.624 	-293.058 	-92.239 	-7.428 	-14.719 	-15.190 	
185.742 	-250.659 	-66.152 	57.799 	-49.687 	25.312 	
-459.637 	-418.780 	703.691 	-13.096 	-24.504 	37.317 	
735.504 	-248.150 	-50.020 	19.054 	-42.202 	2.506 	
299.071 	-253.989 	-22.663 	-3.772 	-97.884 	-13.358 	
-2585.012 	-2258.356 	2165.301 	-258.378 	-214.068 	211.976 	
450.417 	-117.560 	-22.737 	58.454 	-39.430 	-29.801 	
183.094 	-248.439 	-52.453 	-0.810 	-36.128 	23.655 	
317.653 	-325.509 	-128.880 	43.500 	-26.628 	-14.138 	
-19048.720 	-19064.277 	-12873.154 	-3418.747 	-3387.977 	-2289.175 	
375.803 	-255.471 	116.749 	24.889 	-10.462 	-15.923 	
300.876 	-232.925 	56.210 	60.745 	-16.178 	37.273 	
615.702 	-844.766 	-1678.589 	54.895 	-69.545 	-156.040 	
274.366 	-159.436 	0.927 	54.260 	31.599 	-30.086 	
257.001 	-162.405 	3.316 	23.406 	0.440 	10.205 	
305.364 	-180.446 	-157.201 	79.252 	-23.615 	4.606 	
501.901 	-454.331 	-79.041 	5.574 	-67.918 	39.000 	
1882.029 	3579.902 	2492.095 	146.576 	274.184 	190.574 	
278.585 	-14.537 	222.594 	16.445 	-2.227 	-3.104 	
134.221 	22.635 	-311.113 	16.098 	-21.974 	0.087 	
480.124 	873.004 	-674.674 	26.199 	45.776 	-34.276 	
495.478 	-448.801 	-113.897 	64.010 	-59.984 	-6.171 	
-1257.730 	1282.239 	964.141 	-82.052 	78.257 	64.217 	
374.795 	-272.012 	-62.074 	18.482 	-64.858 	3.223 	
236.661 	64.168 	-44.660 	20.173 	-17.272 	-5.493 	
389.507 	-134.273 	-128.510 	33.479 	-35.163 	-36.047 	
-262.495 	946.344 	1145.587 	-29.521 	101.022 	108.609 	
330.722 	-238.319 	-25.358 	10.156 	-64.687 	-22.198 	
279.763 	-188.843 	-27.793 	55.037 	-61.494 	0.398 	
322.852 	-231.337 	62.379 	50.539 	-25.837 	17.954 	
-459.548 	-692.041 	-1081.136 	-41.887 	-58.900 	-92.890 	
-741.895 	-975.055 	337.263 	-50.261 	-76.896 	26.844 	
902.299 	-361.478 	758.919 	74.140 	-26.970 	35.824 	
1088.951 	-275.220 	215.381 	73.052 	-44.273 	19.256 	
2480.820 	1659.731 	-1762.878 	232.704 	165.863 	-167.483 	
348.283 	-129.149 	-17.879 	22.694 	-21.452 	56.260 	
411.898 	-288.274 	141.093 	52.380 	-38.358 	14.625 	
343.119 	-320.104 	119.214 	-0.177 	-67.430 	-2.998 	
138.948 	-231.194 	95.135 	33.825 	-34.741 	28.986 	
315.026 	-438.819 	1214.942 	35.644 	-36.937 	120.610 	
327.627 	-242.471 	-29.913 	32.303 	-4.450 	28.886 	
308.305 	-42.203 	-59.748 	47.061 	-25.601 	-20.980 	
342.275 	-186.155 	-100.374 	42.543 	-2.765 	-18.379 	
169.168 	-165.259 	38.209 	32.633 	-48.860 	-22.590 	
97.098 	-259.789 	340.818 	10.169 	-43.333 	45.121 	
952.314 	-993.646 	-654.302 	119.182 	-130.184 	-73.731 	
323.483 	-308.173 	-37.002 	27.861 	-19.885 	42.671 	
709.884 	86.033 	-2216.698 	76.078 	18.671 	-238.480 	
322.290 	-141.849 	40.072 	7.985 	-22.554 	-17.748 	
314.367 	-180.481 	-14.157 	75.955 	-17.912 	-29.270 	
282.693 	-180.061 	-15.188 	17.104 	20.935 	-13.293 	
220.810 	-267.055 	-63.631 	55.035 	-44.992 	1.178 	
60.787 	-244.455 	88.564 	5.442 	-32.168 	39.069 	
410.918 	-136.997 	-215.586 	34.132 	-45.407 	10.247 	
264.234 	-136.672 	-89.969 	28.707 	-18.861 	-29.926 	
287.486 	-50.733 	-33.578 	4.774 	-27.246 	-24.401 	
303.599 	-175.107 	-135.755 	13.495 	-20.715 	-28.918 	
280.810 	-246.104 	17.634 	73.549 	-50.293 	-49.121 	
-35.577 	-179.207 	48.890 	24.375 	-10.633 	11.180 	
1772.783 	2873.023 	-8225.717 	161.231 	284.997 	-794.250 	
719.727 	180.945 	586.677 	316.391 	339.752 	452.961 	
19795.746 	19117.851 	12708.701 	3524.499 	3436.760 	2283.345 	
-112600.949 	-27279.818 	-28409.893 	-8113.919 	-1963.481 	-2050.512 	
188.353 	-77.189 	85.242 	76.109 	-1.611 	20.349 	
499.827 	-557.552 	-96.908 	-20.273 	-77.885 	-14.140 	
314.412 	-630.432 	75.353 	-8.885 	-41.939 	44.369 	
578.474 	-463.751 	-102.375 	-32.749 	-13.425 	21.319 	
237.506 	-607.627 	45.522 	-54.630 	8.418 	-26.160 	
348.265 	-689.175 	102.316 	3.190 	-62.009 	-25.332 	
-3617.553 	720.515 	1269.965 	-286.595 	46.558 	81.225 	
-177.975 	-3200.303 	-676.105 	-82.129 	-275.882 	-72.742 	
1056.633 	-2700.777 	873.817 	27.500 	-223.993 	79.434 	
380.903 	-545.770 	-176.368 	4.493 	-10.741 	-16.478 	
343.072 	-577.324 	-11.219 	-84.939 	-15.078 	17.581 	
417.402 	-637.733 	-100.663 	-43.094 	-27.401 	7.101 	
471.505 	-485.348 	-96.284 	-53.455 	-6.337 	-15.464 	
317.349 	-625.275 	48.264 	-5.365 	-14.564 	-12.828 	
398.468 	-667.475 	43.314 	-25.359 	-2.556 	7.472 	
757.380 	160.965 	-347.485 	-12.876 	-8.587 	-15.760 	
350.175 	-595.275 	-30.234 	-29.309 	23.333 	-35.747 	
403.961 	-584.113 	252.629 	-12.055 	-15.937 	16.611 	
484.418 	-585.327 	-15.296 	-40.039 	16.007 	-36.374 	
478.353 	-510.317 	-171.278 	-67.689 	-25.602 	-19.010 	
425.573 	-484.133 	-54.235 	-2.213 	-44.951 	1.965 	
483.648 	-494.153 	162.920 	-0.000 	-3.651 	5.919 	
337.784 	-441.085 	-31.406 	-32.403 	-21.290 	3.048 	
-889.481 	-12448.504 	610.532 	-420.625 	-3386.472 	193.188 	
325.299 	-630.686 	66.363 	-29.196 	-89.064 	11.433 	
423.208 	-580.031 	-61.150 	-17.180 	-30.139 	27.443 	
969.610 	-779.357 	121.858 	-21.499 	-41.718 	1.334 	
428.922 	-631.924 	43.072 	-29.406 	45.381 	5.964 	
296.096 	-1453.369 	0.252 	-42.877 	-155.783 	-13.195 	
1069.015 	611.702 	-479.644 	17.242 	39.577 	-27.873 	
2495.979 	-2537.249 	1018.762 	191.820 	-232.817 	100.543 	
454.042 	-521.320 	182.175 	-52.914 	2.558 	30.788 	
377.980 	-511.600 	49.988 	-48.478 	4.047 	37.891 	
395.991 	-614.185 	157.470 	-78.155 	-6.975 	-14.880 	
2023.181 	-1315.735 	875.829 	89.222 	-78.814 	56.816 	
328.062 	-575.082 	163.025 	-85.988 	-70.906 	-7.354 	
823.112 	814.497 	1725.879 	27.183 	132.457 	197.689 	
381.006 	-602.756 	-85.528 	-42.662 	-53.594 	-2.608 	
-502.287 	-1780.734 	1780.069 	-85.789 	-117.713 	120.764 	
374.018 	-525.849 	19.081 	-18.649 	-79.676 	56.824 	
538.074 	-528.107 	23.216 	-34.520 	-56.398 	24.139 	
354.433 	-484.975 	11.106 	10.071 	-39.789 	-6.213 	
404.268 	-533.636 	-30.941 	-36.029 	-2.266 	-98.010 	
-121.358 	-765.582 	-269.886 	-84.146 	-38.112 	-32.214 	
348.612 	-483.555 	-60.305 	-70.254 	14.661 	-5.289 	
1534.820 	199.772 	381.655 	106.382 	58.456 	40.644 	
595.613 	-1431.184 	-556.855 	-15.804 	-89.005 	-33.381 	
467.978 	-545.103 	169.078 	-49.322 	-17.826 	-41.975 	
412.229 	-698.332 	-59.191 	-72.504 	-25.656 	-0.657 	
1039.988 	-821.664 	36.066 	38.110 	-60.158 	1.693 	
371.329 	-581.458 	-24.733 	-9.916 	-21.027 	-24.204 	
458.336 	-518.730 	132.052 	-66.581 	14.617 	-17.498 	
-1424.999 	3236.719 	-251.281 	-224.056 	373.447 	-32.862 	
381.598 	-581.319 	-24.263 	1.479 	-27.393 	58.318 	
144.774 	-513.235 	5.806 	-30.840 	-8.382 	0.077 	
428.694 	-537.580 	85.724 	-35.688 	-61.704 	-72.529 	
348.931 	-620.540 	74.002 	-18.634 	29.659 	32.683 	
225.322 	-538.696 	12.128 	-43.954 	-54.009 	3.484 	
393.770 	-546.230 	-101.487 	-34.059 	-71.431 	12.787 	
428.836 	-550.694 	142.528 	3.089 	-12.317 	-12.110 	
293.948 	-558.951 	-41.116 	-45.435 	-43.604 	-40.175 	
291.713 	-1013.782 	-661.963 	-42.569 	-80.908 	-77.678 	
406.606 	-560.284 	39.237 	-17.453 	31.816 	25.124 	
512.074 	-794.489 	62.977 	-2.249 	-97.954 	3.797 	
390.764 	-593.499 	15.302 	24.311 	16.218 	25.460 	
335.411 	-553.141 	-36.886 	-0.323 	-16.879 	18.228 	
-308.693 	290.589 	-155.676 	-24.969 	44.033 	-21.130 	
537.030 	-366.933 	3.664 	-1.456 	28.002 	-5.446 	
333.418 	-556.759 	-53.712 	-51.201 	-36.632 	3.493 	
441.740 	-482.046 	867.103 	-30.103 	-17.950 	46.762 	
490.001 	-452.203 	24.958 	8.504 	-50.082 	-42.051 	
457.895 	-558.661 	-50.147 	-21.520 	-50.965 	-1.199 	
422.416 	-529.811 	63.793 	24.945 	15.845 	38.239 	
426.795 	-554.719 	-31.105 	-47.570 	-10.475 	16.474 	
278.117 	-494.688 	31.989 	-25.766 	-16.805 	15.583 	
591.231 	-701.123 	114.269 	-28.652 	-25.561 	-10.171 	
390.941 	-513.182 	-8.625 	-17.042 	-38.991 	46.221 	
325.227 	-500.769 	10.875 	-89.921 	-26.370 	-16.015 	
374.330 	-532.444 	-0.185 	28.882 	-1.143 	-54.049 	
422.784 	-512.467 	-112.398 	-13.584 	-14.284 	20.182 	
472.601 	-506.468 	-113.486 	-61.967 	-48.277 	52.880 	
303.216 	-383.075 	27.999 	-40.540 	27.134 	-6.294 	
404.943 	-581.220 	157.785 	-20.767 	-11.778 	-30.326 	
1540.677 	-87.360 	-40.238 	107.214 	14.350 	-9.677 	
202.468 	-1283.804 	-260.323 	-52.310 	-143.570 	-25.966 	
314.410 	-464.955 	36.170 	-7.419 	-0.542 	-21.523 	
447.473 	-560.893 	-30.110 	-61.939 	-39.947 	14.343 	
344.615 	-576.195 	17.682 	-29.365 	-43.286 	-43.960 	
440.063 	-552.573 	38.470 	-61.128 	-29.576 	41.703 	
382.558 	-576.422 	-5.309 	-110.416 	-7.562 	-38.763 	
511.037 	-644.959 	410.610 	1.767 	-57.954 	110.364 	
320.993 	-620.248 	91.910 	-42.828 	-44.375 	-67.952 	
579.304 	-635.388 	-18.475 	16.070 	-46.475 	-3.696 	
-638.924 	876.258 	-942.127 	-130.126 	100.360 	-80.657 	
356.906 	-637.888 	47.265 	-21.033 	-51.309 	-71.647 	
403.697 	-545.570 	-16.075 	5.524 	-18.751 	26.925 	
481.690 	-639.478 	-53.028 	3.860 	0.774 	-43.622 	
498.822 	-580.053 	-21.407 	0.368 	-10.254 	-6.114 	
306.495 	-569.675 	45.318 	-93.253 	15.128 	48.470 	
116.390 	-503.872 	326.678 	-83.212 	-0.908 	69.176 	
404.054 	-623.765 	69.576 	5.653 	-19.759 	1.378 	
378.545 	-534.834 	43.060 	-13.774 	22.181 	-37.586 	
146.850 	-954.863 	-315.898 	-34.956 	-66.339 	-24.759 	
352.028 	-533.942 	1.001 	-104.142 	-7.751 	-20.881 	
116.249 	-427.605 	102.085 	-75.956 	3.908 	10.889 	
421.115 	-459.762 	47.383 	-34.813 	15.735 	0.786 	
327.510 	-546.815 	-14.143 	-36.574 	-66.082 	10.640 	
419.025 	-600.029 	39.579 	-32.515 	-48.031 	-8.687 	
378.935 	-400.972 	-11.436 	-75.596 	-3.304 	-12.614 	
533.935 	-1658.563 	-1962.168 	-6.125 	-155.696 	-231.719 	
256.183 	-604.760 	25.264 	-43.349 	-40.010 	-10.975 	
-2179.835 	1131.545 	-1757.105 	-287.465 	143.533 	-182.039 	
450.440 	-517.126 	-11.531 	-52.818 	8.164 	-27.965 	
152.540 	-651.786 	-75.264 	-54.024 	8.360 	-23.545 	
383.325 	-609.969 	51.422 	-18.409 	2.664 	22.372 	
409.470 	-679.242 	91.264 	-38.462 	-42.912 	-40.776 	
376.195 	-529.579 	9.299 	-18.710 	-33.024 	26.494 	
464.853 	-490.854 	6.682 	-51.570 	-72.712 	-18.303 	
251.793 	-590.558 	-189.318 	-32.998 	-57.712 	16.091 	
248.698 	-781.986 	-112.931 	-54.172 	-34.968 	-39.001 	
751.671 	417.439 	-504.733 	32.939 	121.593 	-100.741 	
323.031 	-458.559 	33.777 	-42.152 	-6.036 	48.094 	
4096.268 	-1640.284 	-902.165 	217.862 	-105.668 	-57.935 	
353.054 	-509.020 	0.111 	-4.530 	23.212 	-47.194 	
431.714 	-448.079 	74.796 	-32.861 	0.158 	31.255 	
395.916 	-576.544 	28.452 	-17.369 	-40.410 	-33.798 	
630.557 	-448.032 	332.620 	-28.257 	-12.259 	-8.922 	
206.779 	-484.431 	70.206 	-37.135 	5.467 	-7.573 	
308.027 	-564.484 	52.004 	-60.370 	-41.125 	45.735 	
-1542.642 	-755.086 	-670.815 	-144.426 	-43.741 	-32.650 	
1768.912 	4997.068 	-4758.607 	71.631 	352.968 	-335.183 	
909.717 	82.348 	-988.161 	23.741 	4.448 	-69.444 	
417.384 	-531.443 	-6.557 	53.151 	-6.257 	-47.318 	
-1.566 	-495.994 	-56.140 	-65.092 	-0.307 	-0.984 	
486.860 	-655.523 	135.232 	-23.883 	1.120 	-12.036 	
412.890 	-640.002 	150.447 	-63.179 	-43.735 	17.961 	
402.212 	-583.002 	19.707 	42.793 	-31.622 	-77.417 	
399.289 	-573.795 	-74.634 	-31.593 	-4.102 	-31.557 	
302.613 	-698.606 	1.683 	-34.461 	-26.597 	22.511 	
479.850 	-466.073 	96.817 	15.955 	-40.852 	-2.037 	
276.884 	-590.009 	-90.012 	-91.106 	6.852 	5.599 	
358.671 	-622.002 	61.801 	-69.702 	-64.981 	-26.160 	
1082.645 	-274.458 	723.954 	72.521 	-4.814 	107.629 	
282.177 	-1157.459 	-349.183 	-9.957 	-48.839 	-8.245 	
639.020 	1713.969 	-91.289 	-5.705 	192.600 	-19.245 	
1424.053 	-252.832 	-1000.533 	40.769 	-11.243 	-68.828 	
424.057 	-411.315 	4.410 	-48.700 	45.310 	-4.038 	
266.871 	-619.498 	-444.804 	-9.881 	-40.452 	7.396 	
350.698 	-546.282 	-17.642 	-32.110 	7.944 	7.846 	
371.551 	-674.452 	98.923 	18.157 	40.669 	-14.353 	
608.055 	-524.598 	288.673 	-31.138 	-16.600 	3.266 	
253.029 	-627.650 	99.381 	-17.816 	0.726 	-60.167 	
373.074 	-571.099 	-35.987 	-79.260 	-23.605 	23.045 	
443.058 	-808.280 	15.817 	-36.466 	-7.749 	16.357 	
434.004 	-616.844 	15.240 	-47.547 	-31.961 	36.427 	
299.021 	-577.203 	77.649 	-54.508 	-28.457 	-20.628 	
443.570 	-602.169 	35.695 	-88.817 	13.711 	4.749 	
350.715 	-612.387 	49.601 	33.628 	-37.893 	63.164 	
501.617 	-634.559 	11.113 	-21.989 	-60.959 	51.097 	
429.459 	-563.902 	10.523 	-22.894 	68.914 	8.116 	
314.904 	-546.921 	30.818 	-18.676 	0.391 	29.638 	
437.269 	-558.539 	52.272 	-79.743 	6.150 	-23.125 	
621.778 	-928.057 	-84.874 	-26.717 	-39.313 	1.666 	
414.666 	-561.664 	56.961 	40.045 	41.241 	52.857 	
287.929 	-429.938 	740.747 	-39.296 	-6.718 	86.997 	
1816.471 	-3904.360 	976.788 	125.822 	-396.287 	99.519 	
-84.357 	-1108.291 	809.620 	-109.331 	-142.211 	146.114 	
361.748 	-599.951 	59.027 	-84.728 	49.003 	-18.644 	
894.756 	-538.950 	253.373 	21.258 	-20.393 	24.016 	
219.199 	-297.057 	-113.267 	-16.073 	9.695 	9.141 	
333.624 	-416.777 	-131.847 	-78.864 	-23.689 	-23.237 	
385.685 	-436.673 	58.020 	-45.294 	55.863 	26.218 	
397.698 	-674.101 	210.582 	-62.611 	-21.735 	17.939 	
254.410 	-295.575 	-56.395 	15.421 	25.676 	-27.667 	
442.484 	-565.809 	-53.806 	26.065 	-43.009 	51.794 	
383.885 	-411.329 	-100.515 	-54.902 	-15.011 	-19.801 	
336.691 	-566.599 	-59.557 	10.622 	-1.855 	3.834 	
514.725 	-687.391 	-235.345 	8.410 	-36.399 	12.685 	
340.833 	-514.039 	-11.959 	-25.104 	-43.757 	33.285 	
263.164 	-441.763 	-61.369 	-3.490 	16.967 	-6.783 	
384.783 	-580.731 	7.838 	-64.969 	-82.395 	-24.180 	
344.695 	-618.267 	-50.472 	-45.275 	-14.150 	-5.758 	
563.442 	-748.359 	-290.174 	-0.625 	-55.829 	-50.841 	
324.583 	-560.297 	-52.137 	-36.538 	-27.881 	-1.282 	
720.322 	-624.202 	-1133.026 	3.561 	-26.206 	-112.452 	
402.159 	-598.297 	44.073 	11.485 	32.658 	17.769 	
460.062 	-622.534 	-0.385 	-83.464 	-46.635 	-8.521 	
368.919 	-481.806 	-74.503 	-12.646 	42.167 	18.767 	
477.444 	-644.690 	-64.344 	-56.804 	28.714 	-42.220 	
374.811 	-589.033 	36.040 	-52.851 	-132.045 	-10.096 	
-793.701 	-2388.093 	1675.778 	-153.344 	-231.278 	184.740 	
315.133 	-686.666 	-113.810 	-86.329 	-36.371 	21.119 	
374.329 	-625.659 	38.971 	40.226 	10.066 	-31.863 	
2435.944 	463.003 	-8.194 	124.405 	30.943 	-1.320 	
388.319 	-601.297 	25.235 	-54.228 	-44.336 	5.844 	
366.243 	-636.544 	164.639 	-38.892 	-3.202 	53.639 	
429.921 	-585.390 	92.444 	-32.300 	-26.590 	30.079 	
346.305 	-580.830 	7.973 	11.181 	61.660 	-49.306 	
383.971 	-553.029 	18.553 	-28.331 	-96.655 	-26.320 	
381.197 	-541.234 	9.811 	78.647 	41.634 	-20.773 	
280.275 	-603.263 	-74.979 	-33.916 	-58.028 	28.316 	
335.200 	-596.902 	-124.246 	-26.897 	-5.718 	-30.780 	
-345.749 	-939.283 	-219.739 	-52.465 	-35.629 	-9.825 	
235.327 	-720.780 	68.091 	-36.950 	-39.540 	13.906 	
772.628 	-1084.755 	416.704 	-5.385 	-46.505 	31.296 	
314.487 	-610.811 	42.382 	-44.839 	-19.266 	55.681 	
313.039 	-404.968 	-109.884 	-65.296 	4.511 	-33.095 	
457.353 	-528.137 	-204.816 	-48.286 	31.092 	-12.809 	
649.970 	-414.294 	-187.918 	-27.911 	0.245 	-32.302 	
377.272 	-416.899 	232.376 	-12.260 	-5.024 	11.578 	
-2529.155 	-5516.011 	4422.980 	-231.485 	-387.768 	311.453 	
1392.070 	131.252 	-463.298 	77.287 	38.645 	-44.172 	
316.383 	-608.252 	-5.721 	-12.438 	-0.120 	7.344 	
370.851 	-552.743 	-13.457 	7.108 	-50.771 	56.689 	
380.851 	-578.455 	-5.749 	-64.878 	8.712 	91.779 	
295.972 	-731.475 	32.991 	-67.017 	-1.900 	-11.705 	
358.781 	-518.109 	11.333 	-27.833 	-56.767 	20.575 	
2742.426 	1996.364 	-1712.898 	267.194 	296.829 	-219.401 	
465.543 	-636.339 	74.409 	-82.323 	-6.621 	0.316 	
341.488 	-476.460 	-107.712 	-76.017 	-33.076 	-4.312 	
597.052 	-1637.188 	1316.990 	-8.561 	-139.335 	154.948 	
400.922 	-333.315 	185.233 	-55.591 	-14.848 	33.331 	
441.414 	-599.186 	92.025 	-37.787 	-44.579 	-7.045 	
369.657 	-629.001 	-96.592 	-46.944 	-17.310 	-48.422 	
520.770 	-784.674 	57.382 	-8.127 	-21.636 	5.655 	
-2108.011 	-3372.761 	2959.345 	-344.506 	-380.748 	370.533 	
375.433 	-613.429 	-40.852 	-52.345 	-12.859 	-24.347 	
307.014 	-557.067 	-53.483 	-75.082 	9.461 	10.373 	
403.461 	-609.192 	37.865 	42.065 	49.063 	-22.372 	
405.348 	-615.446 	69.543 	-81.415 	5.161 	25.667 	
423.470 	-587.493 	-11.352 	-15.780 	-18.426 	26.115 	
360.334 	-606.976 	42.218 	37.479 	-61.545 	-19.744 	
-185.567 	-1388.045 	-48.229 	-115.774 	-171.479 	-29.224 	
694.472 	-244.317 	-87.192 	-12.143 	7.927 	7.123 	
349.573 	-644.556 	120.256 	-45.468 	-18.584 	4.839 	
229.136 	-697.974 	-165.174 	-10.710 	-20.091 	-1.842 	
991.132 	-2108.185 	4.506 	32.471 	-143.244 	-7.672 	
413.345 	-517.233 	3.781 	-42.349 	-59.776 	-91.485 	
2342.412 	11091.704 	-796.809 	492.005 	3261.702 	-204.211 	
470.740 	-496.124 	34.159 	-43.238 	-51.223 	-45.321 	
168.139 	-264.180 	-21.670 	-30.372 	1.708 	-4.382 	
801.839 	-793.964 	-347.146 	89.527 	-77.726 	-93.007 	
358.772 	-696.415 	152.351 	-61.934 	-52.282 	-24.667 	
433.470 	-546.223 	-136.202 	4.043 	-23.622 	-2.242 	
803.910 	23.624 	-816.111 	59.805 	73.985 	-163.689 	
373.572 	-503.162 	-21.635 	-36.342 	-55.044 	-36.094 	
260.683 	-598.231 	33.837 	-68.467 	-108.197 	44.191 	
428.389 	-566.896 	24.253 	-103.176 	-9.500 	-14.891 	
446.737 	-496.886 	100.851 	-12.873 	5.525 	53.549 	
417.808 	-585.268 	-12.040 	36.282 	-6.404 	40.170 	
498.815 	-552.481 	41.297 	-44.625 	47.377 	19.889 	
