## Las primeras 200 lineas corresponden a la esfera 1 
##las siguienets 250 lineas a la esfera 2
## Las primeras tres columnas corresponden a la posición en 'x', 'y' y 'z', dadas en kpc, las siguientes tres a las velocidades, dadas en km/s
501.089 	-394.916 	-25.518 	65.760 	-8.909 	-46.922 	
31.278 	-84.151 	-87.100 	-6.916 	-26.943 	11.746 	
459.492 	-610.868 	-84.313 	8.730 	-42.913 	-71.118 	
355.033 	-395.845 	7.318 	14.236 	-81.129 	21.360 	
294.218 	-115.478 	38.470 	12.592 	-66.323 	-4.285 	
412.018 	-195.582 	-29.382 	97.227 	-46.391 	-33.142 	
408.313 	-488.852 	-13.823 	2.745 	-48.574 	6.143 	
329.072 	-385.534 	30.798 	42.653 	-58.665 	31.011 	
382.379 	-295.348 	136.080 	9.181 	-27.936 	15.649 	
389.280 	-336.921 	34.776 	31.826 	-30.568 	-13.371 	
-460.179 	-318.641 	-380.703 	-8.284 	-2.308 	-17.565 	
-381.253 	-1952.549 	-1927.435 	-22.821 	-99.719 	-97.281 	
400.353 	-264.955 	-35.686 	52.571 	-65.421 	-3.020 	
464.778 	-323.892 	-23.563 	53.393 	-38.376 	5.536 	
496.265 	-303.905 	97.095 	75.453 	-19.826 	-17.298 	
509.862 	93.479 	-900.052 	52.235 	55.392 	-166.229 	
302.393 	-357.740 	-63.520 	58.371 	-62.640 	11.638 	
237.060 	-222.970 	-190.442 	66.417 	-14.943 	11.781 	
436.271 	-340.885 	-276.393 	5.725 	-33.921 	-128.751 	
391.592 	-402.547 	-79.338 	60.946 	-32.643 	-16.121 	
-798.259 	-188.757 	580.666 	-55.120 	-19.645 	42.689 	
383.797 	-159.495 	-31.280 	-15.439 	-79.780 	7.447 	
907.233 	-595.103 	-29.305 	62.121 	-69.850 	9.519 	
430.547 	-354.499 	3.370 	-9.653 	-54.506 	-16.978 	
321.203 	-252.691 	-13.390 	44.810 	-19.026 	-43.578 	
505.683 	-262.870 	60.147 	62.368 	-64.665 	15.052 	
432.276 	-337.235 	34.017 	46.520 	-58.217 	4.642 	
485.938 	-388.462 	10.116 	37.732 	-98.912 	3.532 	
871.503 	-2143.480 	1173.346 	71.900 	-165.839 	91.402 	
-476.441 	-2002.632 	-1925.863 	-195.310 	-433.038 	-478.047 	
379.475 	-233.576 	-50.018 	32.558 	-74.854 	33.637 	
288.078 	-222.037 	-37.547 	38.037 	-68.369 	27.596 	
436.336 	-232.498 	-80.568 	44.489 	-11.449 	-45.357 	
-1651.821 	-4572.613 	-2020.280 	-102.166 	-288.417 	-127.615 	
335.667 	-645.567 	889.747 	20.354 	-87.770 	170.888 	
358.769 	-331.549 	-62.048 	68.290 	-58.279 	41.864 	
425.958 	-275.175 	19.437 	25.188 	-58.199 	-8.732 	
532.668 	-563.056 	-23.520 	-1.464 	-65.093 	29.535 	
510.381 	-322.992 	-105.930 	-17.104 	-61.119 	-16.928 	
302.904 	-253.398 	77.554 	48.195 	-30.786 	-14.976 	
462.889 	-331.378 	41.975 	80.282 	-69.272 	16.037 	
362.935 	-356.457 	-119.368 	18.590 	-33.210 	38.614 	
412.647 	-498.718 	-74.849 	44.211 	-64.705 	53.108 	
369.532 	-342.416 	-54.244 	12.498 	-94.455 	-29.656 	
422.384 	-371.262 	156.180 	55.946 	-22.169 	-24.315 	
687.651 	-142.107 	-68.437 	66.715 	-45.764 	-1.547 	
2008.436 	1836.677 	588.046 	132.581 	115.159 	38.212 	
266.468 	-157.482 	48.638 	66.431 	-43.009 	0.060 	
418.049 	-368.107 	113.393 	37.836 	-69.838 	-37.141 	
1901.823 	-1354.022 	49.027 	138.110 	-111.848 	20.815 	
81.976 	-235.976 	220.761 	49.691 	-32.228 	2.555 	
215.537 	-3558.127 	-3018.123 	12.071 	-205.537 	-169.660 	
452.857 	-413.780 	-3.971 	53.737 	-140.063 	0.531 	
448.857 	-309.526 	-128.879 	10.711 	-32.377 	38.407 	
146.531 	252.041 	-309.995 	11.574 	25.221 	-26.127 	
-1801.134 	-5295.607 	10097.221 	-146.650 	-400.948 	777.273 	
504.701 	-447.830 	55.936 	30.706 	-41.390 	31.433 	
424.170 	-457.188 	-23.732 	30.078 	-86.960 	22.972 	
2746.122 	1627.867 	-1789.870 	194.235 	112.268 	-123.634 	
305.019 	-353.487 	-67.288 	16.423 	-37.204 	-48.562 	
-185.066 	143.953 	607.209 	-0.609 	5.996 	33.302 	
403.290 	-291.267 	-30.895 	89.674 	-78.186 	-59.359 	
-172.793 	498.231 	-605.250 	6.331 	21.664 	-29.226 	
445.297 	-313.343 	-149.939 	46.482 	-38.479 	-24.200 	
356.825 	-359.421 	-66.702 	-43.864 	-76.012 	-36.639 	
368.534 	-337.750 	29.404 	-37.236 	-23.473 	15.538 	
429.287 	-251.486 	41.606 	9.491 	-51.138 	52.722 	
501.330 	-824.251 	42.115 	-19.639 	-81.309 	11.086 	
-4497.362 	319.847 	-1524.903 	-267.678 	19.270 	-89.017 	
511.325 	-405.550 	-72.887 	31.050 	-26.151 	-24.288 	
3723.528 	-872.068 	3939.661 	221.167 	-51.567 	234.421 	
287.228 	-379.790 	114.792 	47.866 	-51.450 	27.802 	
439.591 	-477.473 	15.222 	-2.101 	-73.612 	25.869 	
435.645 	-334.119 	65.236 	39.233 	-79.978 	30.155 	
443.329 	-222.182 	-10.028 	55.403 	-58.873 	-21.099 	
417.869 	-348.529 	18.533 	-55.313 	-40.083 	8.600 	
-162.977 	-172.244 	-349.392 	7.951 	-22.410 	-17.274 	
490.103 	-67.457 	163.664 	27.196 	-11.378 	1.445 	
455.775 	-559.790 	3.054 	-8.349 	-74.136 	9.094 	
400.370 	-228.503 	-7.223 	14.905 	-67.721 	-33.127 	
388.189 	-330.364 	-5.969 	34.868 	-126.060 	-1.286 	
333.093 	-396.520 	48.917 	0.644 	-108.864 	-2.244 	
370.110 	-290.864 	17.124 	-9.514 	-55.465 	-16.112 	
432.339 	-455.500 	-45.768 	33.454 	-50.165 	10.632 	
2189.438 	-1960.713 	449.944 	188.064 	-175.282 	55.805 	
415.302 	-175.944 	19.444 	84.810 	-34.452 	7.140 	
5.186 	-152.196 	-1329.461 	11.646 	-5.508 	-66.440 	
391.568 	-342.229 	-128.176 	57.337 	-108.642 	8.263 	
431.338 	-415.702 	-111.900 	14.028 	-48.477 	-25.296 	
529.190 	-14.152 	201.510 	42.837 	-29.582 	1.674 	
377.105 	-294.111 	-30.986 	16.722 	-33.071 	6.918 	
312.214 	-308.101 	72.493 	77.622 	-58.603 	6.058 	
331.148 	-483.981 	-45.688 	59.608 	-102.962 	-33.041 	
-468.384 	-68.837 	-539.970 	-3.805 	-8.357 	-30.500 	
339.959 	-335.912 	-35.146 	39.281 	-65.699 	-58.924 	
323.829 	-347.204 	-13.198 	30.574 	-17.009 	46.142 	
377.156 	-317.607 	-31.364 	37.461 	-56.815 	84.619 	
373.810 	-294.271 	-29.419 	-9.085 	-22.171 	28.974 	
501.354 	-311.920 	-24.830 	32.024 	-36.377 	4.485 	
489.821 	-212.965 	-75.804 	24.718 	-64.448 	10.586 	
350.695 	-404.038 	34.517 	66.737 	-64.642 	-35.545 	
406.849 	13.000 	52.573 	39.809 	-35.855 	-13.637 	
470.524 	-172.235 	180.639 	35.311 	-50.616 	11.118 	
382.998 	-323.083 	21.685 	74.118 	-64.110 	9.357 	
358.465 	-329.415 	-24.666 	33.233 	-62.567 	1.638 	
533.446 	-278.202 	-210.620 	63.528 	-54.255 	-7.571 	
351.213 	-420.794 	-31.683 	-26.633 	-58.090 	-2.657 	
-303.286 	3560.790 	401.547 	-20.983 	190.900 	23.252 	
-50.145 	-404.625 	43.962 	-11.759 	-36.859 	0.393 	
458.714 	-309.653 	16.142 	-0.697 	-29.581 	6.637 	
457.048 	28.078 	-60.648 	54.961 	-22.970 	-9.070 	
344.926 	-344.189 	-17.066 	94.612 	-73.415 	8.312 	
371.373 	-385.293 	60.162 	11.983 	-91.198 	6.820 	
327.514 	-233.920 	-121.720 	82.534 	-33.747 	-25.173 	
411.057 	1331.989 	1608.018 	34.317 	132.340 	160.476 	
171.672 	-180.962 	-12.451 	29.278 	-47.610 	26.753 	
342.633 	-190.519 	-235.336 	32.291 	-49.622 	15.908 	
-1001.013 	1031.945 	323.795 	-92.940 	83.399 	34.948 	
88.800 	-12.502 	47.274 	2.464 	-26.248 	-11.316 	
358.701 	-352.257 	-0.142 	-5.046 	-68.209 	20.289 	
478.575 	-491.931 	-18.120 	-22.160 	-53.104 	4.876 	
135098.296 	32756.435 	31211.884 	8125.859 	1972.107 	1874.604 	
349.359 	-403.709 	-35.526 	39.921 	-64.229 	-67.396 	
438.211 	-371.153 	-140.869 	70.335 	-35.281 	-9.724 	
427.655 	-332.984 	5.282 	33.745 	-84.027 	-61.547 	
577.527 	-253.695 	202.267 	41.006 	-42.550 	0.330 	
443.058 	-380.568 	-56.244 	51.853 	-110.335 	-20.285 	
546.322 	991.148 	-1104.743 	32.542 	47.684 	-50.180 	
468.266 	-274.461 	-94.765 	13.787 	-78.309 	40.158 	
409.264 	-378.310 	-47.418 	11.548 	-64.416 	5.204 	
421.162 	-288.552 	-31.344 	50.102 	-87.819 	-17.458 	
349.348 	306.499 	-918.740 	31.255 	12.979 	-40.135 	
1333.057 	537.657 	1608.790 	92.930 	37.915 	113.323 	
457.794 	-287.465 	-116.171 	44.997 	-37.002 	2.531 	
-33.424 	255.271 	-142.598 	-7.574 	20.321 	-4.708 	
495.433 	-225.269 	-5.782 	23.972 	-28.376 	-28.175 	
312.123 	-339.049 	-61.422 	-4.488 	-24.755 	40.531 	
406.400 	-356.333 	22.194 	89.962 	-19.419 	22.239 	
-492.139 	-486.258 	803.316 	-10.545 	-24.424 	34.939 	
762.874 	-370.436 	-42.001 	0.785 	-45.826 	3.549 	
332.562 	-484.944 	-47.007 	1.746 	-31.256 	17.369 	
-3297.651 	-2848.844 	2749.984 	-258.201 	-213.962 	211.848 	
564.513 	-262.569 	-97.451 	23.180 	-63.584 	-22.456 	
262.200 	-350.291 	15.091 	59.632 	-38.432 	20.763 	
423.412 	-390.802 	-101.046 	31.239 	-21.602 	36.210 	
-28481.531 	-28412.191 	-19189.316 	-3418.744 	-3387.975 	-2289.173 	
381.812 	-231.503 	398.477 	-0.561 	4.797 	96.766 	
407.977 	-333.299 	8.156 	-14.596 	-69.700 	-117.831 	
766.863 	-1036.195 	-2107.365 	54.683 	-69.237 	-154.858 	
432.153 	-167.665 	-52.348 	48.526 	-33.631 	-8.501 	
409.817 	-204.618 	-25.928 	62.642 	-27.187 	-19.173 	
497.234 	-268.943 	-80.242 	49.718 	-42.635 	40.792 	
431.020 	-641.999 	44.007 	-59.203 	-58.077 	43.329 	
2286.371 	4336.208 	3017.783 	146.519 	274.042 	190.483 	
327.999 	-42.722 	193.626 	19.414 	-18.282 	-16.926 	
186.323 	-50.743 	-297.563 	21.566 	-31.374 	9.498 	
552.139 	996.706 	-768.076 	26.018 	43.973 	-33.476 	
623.582 	-615.728 	-94.609 	31.037 	-57.125 	14.636 	
-1483.482 	1497.516 	1140.930 	-81.612 	77.812 	63.945 	
398.826 	-425.505 	-7.876 	-7.725 	-49.286 	18.529 	
301.937 	-16.743 	-54.485 	26.622 	-40.734 	-1.793 	
460.913 	-259.061 	-190.746 	21.577 	-60.098 	-3.615 	
-343.398 	1223.928 	1444.232 	-29.156 	100.246 	107.920 	
282.967 	-395.722 	-121.746 	1.968 	-51.988 	-15.550 	
425.296 	-319.927 	-32.334 	50.650 	-49.098 	15.374 	
489.401 	-290.811 	127.406 	102.921 	-4.890 	66.043 	
-573.405 	-853.953 	-1335.131 	-40.729 	-58.485 	-91.313 	
-877.590 	-1185.679 	410.368 	-48.203 	-75.812 	26.170 	
1103.600 	-436.048 	853.223 	71.853 	-27.056 	32.791 	
1283.031 	-398.591 	266.370 	67.957 	-44.992 	17.800 	
3122.579 	2117.092 	-2224.702 	232.496 	165.674 	-167.293 	
354.320 	-242.237 	85.195 	0.060 	-62.111 	13.617 	
523.267 	-404.071 	140.809 	26.985 	-44.439 	-14.330 	
344.333 	-518.234 	52.063 	-1.165 	-80.766 	-48.679 	
274.048 	-336.358 	137.630 	62.475 	-44.739 	-0.913 	
413.418 	-540.643 	1544.067 	35.640 	-36.868 	118.154 	
451.935 	-273.275 	81.836 	24.316 	-27.343 	16.631 	
425.861 	-177.656 	-91.400 	35.902 	-71.002 	-0.095 	
430.406 	-281.612 	-74.681 	22.571 	-54.806 	29.081 	
323.358 	-340.379 	-39.042 	93.147 	-80.249 	-26.341 	
135.711 	-383.627 	447.347 	17.230 	-46.300 	32.316 	
1278.587 	-1350.551 	-855.105 	117.508 	-128.682 	-72.064 	
313.690 	-352.976 	71.515 	9.325 	-24.987 	26.784 	
919.614 	137.324 	-2873.640 	75.954 	18.521 	-237.775 	
365.498 	-256.187 	-59.518 	35.285 	-62.556 	-30.665 	
419.142 	-325.785 	-27.687 	1.202 	-74.463 	4.355 	
395.806 	-193.376 	-11.783 	56.476 	-55.960 	12.078 	
441.217 	-360.841 	-33.810 	81.805 	-22.733 	13.501 	
107.440 	-340.004 	179.927 	26.930 	-38.058 	26.579 	
463.995 	-284.865 	-146.079 	1.505 	-63.676 	41.247 	
414.080 	-146.829 	-99.976 	68.752 	-9.974 	17.111 	
322.194 	-197.445 	-85.291 	22.192 	-76.903 	-9.947 	
359.304 	-269.626 	-154.393 	25.519 	-47.107 	17.363 	
483.947 	-353.787 	-108.270 	54.961 	-36.947 	-28.570 	
57.769 	-219.127 	75.458 	42.810 	-19.281 	7.687 	
2217.630 	3659.343 	-10417.094 	161.222 	284.978 	-794.201 	
1591.269 	1116.322 	1834.304 	315.598 	338.629 	451.789 	
29520.342 	28600.362 	19008.778 	3524.496 	3436.757 	2283.344 	
-134988.421 	-32697.347 	-34067.550 	-8113.918 	-1963.481 	-2050.512 	
414.387 	-122.803 	112.235 	83.686 	-30.782 	0.279 	
390.532 	-729.439 	-69.457 	-53.825 	-41.703 	27.063 	
323.856 	-655.900 	113.180 	3.128 	15.692 	-17.005 	
432.090 	-502.548 	-14.527 	-73.573 	-12.431 	43.018 	
152.721 	-584.180 	-20.612 	-1.078 	7.593 	-20.498 	
357.175 	-772.157 	3.736 	-2.373 	-3.535 	-38.895 	
-4407.999 	848.888 	1493.974 	-286.382 	46.499 	81.155 	
-404.443 	-3960.832 	-876.652 	-82.035 	-275.432 	-72.635 	
1132.270 	-3317.966 	1092.661 	27.340 	-223.424 	79.213 	
384.540 	-554.705 	-149.653 	-6.437 	3.192 	35.567 	
286.345 	-606.306 	23.698 	21.732 	-3.759 	2.453 	
266.903 	-633.114 	4.298 	-58.160 	25.305 	66.925 	
290.195 	-538.177 	-65.317 	-67.821 	-29.744 	40.903 	
358.073 	-572.429 	20.947 	-25.026 	52.726 	0.703 	
332.966 	-556.619 	14.237 	3.191 	29.678 	-46.751 	
716.517 	130.764 	-386.485 	-16.618 	-13.349 	-12.453 	
349.294 	-528.814 	-6.703 	11.145 	5.610 	30.508 	
363.830 	-617.423 	247.106 	-17.531 	-7.707 	-19.608 	
278.441 	-526.715 	-34.619 	-83.441 	15.623 	27.355 	
274.022 	-581.409 	-154.787 	-70.214 	-19.958 	35.586 	
323.516 	-654.099 	9.396 	-72.053 	-46.899 	46.368 	
435.032 	-515.796 	123.983 	-34.450 	-9.341 	-32.777 	
290.557 	-543.261 	-1.401 	0.201 	-57.362 	18.650 	
-2050.043 	-21792.234 	1143.563 	-420.623 	-3386.451 	193.187 	
281.253 	-767.044 	61.861 	-10.039 	-20.703 	-13.314 	
295.619 	-592.603 	59.087 	-58.042 	4.868 	5.293 	
901.104 	-889.347 	123.277 	-28.090 	-37.832 	-0.241 	
267.327 	-479.572 	-23.524 	-54.736 	33.533 	-33.675 	
178.172 	-1878.289 	-36.305 	-42.613 	-152.566 	-13.285 	
1114.651 	718.329 	-555.454 	15.908 	37.792 	-27.126 	
3024.828 	-3179.232 	1295.978 	191.545 	-232.553 	100.411 	
298.442 	-520.340 	197.027 	-55.781 	-0.657 	-17.711 	
282.106 	-568.623 	60.243 	-18.323 	-44.697 	-31.463 	
211.658 	-617.057 	20.378 	-40.155 	9.372 	-81.532 	
2268.233 	-1532.626 	1031.971 	88.451 	-78.423 	56.386 	
135.700 	-749.010 	81.553 	-53.275 	-52.207 	-43.672 	
897.867 	1179.292 	2270.335 	27.024 	132.009 	197.026 	
283.447 	-657.557 	2.393 	-31.195 	21.191 	60.604 	
-738.612 	-2104.966 	2112.500 	-85.527 	-117.332 	120.235 	
337.578 	-697.816 	47.654 	-33.627 	-17.256 	-17.894 	
345.967 	-661.316 	60.391 	-102.090 	-23.603 	-3.733 	
380.841 	-653.563 	-43.331 	-16.653 	-45.357 	-10.294 	
298.781 	-571.064 	-193.069 	-39.002 	-21.091 	-29.518 	
-345.163 	-865.919 	-354.143 	-78.506 	-34.966 	-29.097 	
209.500 	-470.247 	-27.515 	-27.051 	-4.772 	22.207 	
1825.969 	359.807 	492.978 	104.795 	57.607 	40.092 	
551.145 	-1673.173 	-646.908 	-16.377 	-86.539 	-31.980 	
289.952 	-619.311 	-40.398 	-87.702 	-27.028 	-68.763 	
219.627 	-675.520 	-19.880 	-56.932 	45.778 	30.805 	
1137.405 	-983.466 	40.790 	32.916 	-57.271 	1.662 	
345.391 	-606.189 	53.239 	4.359 	-19.302 	48.630 	
266.249 	-511.799 	5.932 	-60.630 	-16.687 	-68.818 	
-2043.034 	4266.786 	-341.926 	-223.945 	373.230 	-32.842 	
396.784 	-742.906 	198.918 	80.796 	-126.132 	120.654 	
115.808 	-534.906 	5.396 	12.186 	-9.697 	-2.019 	
251.031 	-696.729 	-110.346 	-69.466 	-33.044 	-33.446 	
336.583 	-563.559 	10.364 	-21.832 	-12.374 	-62.696 	
230.834 	-662.401 	7.656 	24.911 	-21.113 	5.803 	
302.169 	-679.663 	42.177 	-42.343 	-12.217 	59.966 	
345.399 	-570.965 	38.578 	-61.966 	-20.991 	-76.884 	
273.054 	-641.747 	-70.517 	14.509 	-18.830 	26.076 	
174.835 	-1233.117 	-871.340 	-42.132 	-78.310 	-74.384 	
330.084 	-592.718 	5.747 	-45.945 	-46.656 	-20.712 	
495.227 	-1026.872 	66.182 	-9.266 	-75.724 	-0.231 	
423.171 	-511.354 	-119.793 	6.609 	29.888 	-90.568 	
336.283 	-623.974 	73.339 	-38.352 	-13.572 	23.887 	
-373.220 	407.744 	-213.057 	-22.058 	41.053 	-20.500 	
470.741 	-302.768 	-16.522 	-53.729 	18.184 	-11.168 	
265.712 	-610.158 	34.148 	31.805 	9.777 	37.897 	
357.863 	-531.068 	989.042 	-30.654 	-17.650 	41.777 	
425.927 	-611.695 	-84.478 	-54.063 	-48.940 	-26.153 	
286.935 	-623.518 	62.634 	-111.191 	7.334 	57.236 	
380.062 	-541.070 	167.046 	-35.796 	-5.601 	23.419 	
272.388 	-616.918 	55.864 	-40.214 	-35.000 	6.019 	
292.906 	-582.843 	30.707 	30.729 	-54.442 	-33.301 	
477.307 	-744.587 	69.306 	-54.060 	-5.399 	-22.338 	
323.028 	-694.859 	49.200 	-28.059 	-40.756 	-16.482 	
189.437 	-589.003 	-33.379 	-15.783 	-27.440 	4.500 	
425.542 	-594.426 	-46.926 	-4.389 	-25.658 	6.383 	
339.298 	-589.308 	39.226 	-59.818 	-41.952 	82.644 	
262.591 	-641.655 	90.470 	-72.895 	-38.777 	53.744 	
237.169 	-307.338 	-13.222 	-1.328 	21.454 	-19.131 	
317.001 	-605.167 	-34.507 	-52.615 	14.866 	-79.224 	
1833.129 	-48.618 	-66.826 	104.941 	13.774 	-9.600 	
59.498 	-1674.123 	-330.312 	-51.414 	-139.801 	-24.885 	
340.953 	-499.260 	-21.160 	15.144 	-30.157 	-19.923 	
257.286 	-622.854 	58.137 	-40.657 	5.407 	9.072 	
320.225 	-605.838 	-53.876 	-11.618 	10.186 	24.275 	
274.618 	-635.190 	31.390 	-8.688 	-8.572 	-17.970 	
210.210 	-614.281 	-0.694 	-38.220 	-16.531 	36.361 	
511.363 	-798.928 	700.570 	-0.990 	-54.156 	101.285 	
291.207 	-673.633 	-97.852 	4.535 	14.192 	-49.646 	
577.731 	-738.547 	-22.022 	-13.784 	-29.089 	0.532 	
-997.047 	1152.065 	-1163.845 	-129.513 	99.628 	-80.111 	
309.925 	-614.996 	-92.344 	-27.474 	50.693 	-18.851 	
319.595 	-608.195 	51.937 	-62.218 	-24.481 	-22.024 	
414.928 	-592.192 	-139.950 	-40.118 	27.342 	-1.380 	
380.536 	-576.095 	-15.808 	-77.990 	13.221 	7.916 	
156.905 	-556.454 	148.863 	-32.990 	2.627 	19.430 	
-101.115 	-504.013 	502.402 	-75.304 	0.372 	59.472 	
299.037 	-565.696 	-8.337 	-68.169 	37.202 	-53.586 	
313.995 	-603.643 	-48.076 	-29.907 	-46.569 	-4.757 	
54.892 	-1128.809 	-378.031 	-31.900 	-60.119 	-20.572 	
193.870 	-605.327 	-23.083 	-6.046 	-39.151 	4.400 	
-61.261 	-416.197 	118.432 	-54.351 	3.520 	1.746 	
304.677 	-466.732 	12.712 	-45.701 	-14.103 	-32.671 	
356.033 	-628.138 	49.130 	8.108 	35.726 	17.173 	
278.198 	-588.792 	20.062 	-39.364 	34.433 	14.102 	
201.092 	-422.096 	-36.484 	-43.344 	-14.271 	-4.788 	
516.949 	-2087.590 	-2600.618 	-6.182 	-155.324 	-231.122 	
228.582 	-655.582 	4.656 	44.050 	4.374 	-26.708 	
-2972.626 	1527.354 	-2259.122 	-287.221 	143.387 	-181.869 	
256.978 	-580.792 	-15.038 	-54.337 	-50.309 	24.768 	
42.373 	-611.579 	-124.418 	-26.121 	19.119 	-11.488 	
322.929 	-606.364 	-4.080 	-61.777 	8.481 	-9.999 	
280.626 	-683.892 	-43.141 	-47.110 	41.567 	-43.415 	
329.263 	-606.916 	27.329 	-14.739 	12.360 	-28.280 	
248.308 	-688.173 	-4.771 	-79.051 	-43.267 	5.368 	
192.284 	-729.413 	-102.840 	-7.937 	-39.437 	44.416 	
114.382 	-849.514 	-205.277 	-43.636 	-15.967 	-28.126 	
840.889 	749.495 	-780.496 	31.896 	119.370 	-99.314 	
247.508 	-531.172 	92.877 	-7.307 	-39.375 	-2.058 	
4697.016 	-1931.718 	-1061.925 	217.611 	-105.586 	-57.873 	
370.354 	-540.943 	-67.239 	4.177 	-25.616 	2.594 	
317.332 	-487.426 	96.146 	-44.715 	-23.991 	-20.414 	
311.026 	-592.550 	-4.897 	-51.769 	18.966 	31.132 	
535.675 	-484.328 	286.573 	-40.913 	-13.739 	-25.445 	
161.140 	-478.341 	27.060 	5.021 	-3.794 	-22.943 	
190.820 	-680.038 	66.605 	-15.419 	-29.321 	-16.977 	
-1939.806 	-875.532 	-760.455 	-143.517 	-43.578 	-32.348 	
1966.529 	5970.869 	-5683.346 	71.615 	352.907 	-335.129 	
972.764 	93.819 	-1176.166 	22.027 	4.147 	-67.107 	
448.631 	-575.420 	-70.877 	-19.798 	-22.110 	-0.524 	
-155.979 	-493.577 	-54.870 	-47.739 	1.336 	1.630 	
355.327 	-609.382 	46.917 	-84.966 	30.830 	-58.447 	
231.348 	-707.306 	131.022 	-60.953 	-6.633 	-28.801 	
422.797 	-596.852 	-134.798 	-22.079 	13.441 	-43.381 	
294.206 	-583.989 	-47.226 	-33.914 	-6.267 	53.862 	
245.261 	-692.752 	63.155 	-5.604 	31.888 	12.167 	
448.190 	-596.198 	50.198 	-39.424 	-46.277 	-30.577 	
97.701 	-558.089 	-28.901 	-39.416 	13.754 	32.050 	
197.097 	-676.344 	-29.102 	-44.762 	12.407 	-18.368 	
1279.329 	-288.509 	1017.639 	70.288 	-5.320 	105.419 	
255.337 	-1284.604 	-367.981 	-9.530 	-43.450 	-5.512 	
623.124 	2244.116 	-144.342 	-5.804 	191.754 	-19.212 	
1534.572 	-284.068 	-1188.610 	39.412 	-11.390 	-67.556 	
279.097 	-288.307 	-26.202 	-37.928 	39.129 	-18.859 	
243.540 	-724.175 	-405.604 	-7.058 	-35.052 	21.168 	
343.527 	-630.004 	35.576 	14.889 	-24.304 	22.998 	
339.732 	-510.537 	-23.073 	-48.787 	45.583 	-60.241 	
502.967 	-565.351 	273.784 	-44.920 	-12.407 	-15.068 	
269.796 	-584.894 	-81.121 	22.618 	24.920 	-43.157 	
210.307 	-607.707 	52.325 	-16.923 	-14.002 	6.333 	
331.540 	-775.103 	57.918 	-45.085 	35.187 	10.865 	
39.949 	-432.535 	-108.023 	-246.984 	158.172 	-160.435 	
265.148 	-596.418 	-17.195 	29.336 	9.136 	-37.037 	
190.437 	-566.693 	-33.888 	-64.640 	-8.916 	-27.221 	
446.136 	-631.980 	104.196 	16.503 	15.624 	-10.787 	
380.635 	-740.438 	133.146 	-57.216 	-18.505 	33.060 	
297.239 	-449.925 	12.297 	-44.345 	18.137 	-0.721 	
348.320 	-617.795 	26.312 	5.213 	-65.841 	-26.916 	
226.022 	-589.153 	-40.178 	-53.318 	-25.075 	-17.307 	
539.115 	-1020.182 	-76.532 	-32.875 	-27.573 	4.310 	
479.683 	-445.309 	53.073 	8.457 	40.219 	-28.506 	
180.870 	-448.692 	972.619 	-38.271 	-6.953 	81.531 	
2163.485 	-4997.410 	1251.274 	125.724 	-396.045 	99.451 	
-384.589 	-1498.627 	1210.284 	-108.409 	-140.904 	144.526 	
224.628 	-496.564 	-45.861 	-19.547 	22.177 	-36.160 	
941.810 	-593.496 	313.906 	13.252 	-19.120 	19.956 	
233.571 	-272.856 	-42.951 	27.339 	0.310 	36.726 	
143.876 	-477.689 	-138.829 	-54.467 	-22.349 	13.433 	
269.528 	-301.686 	76.235 	-30.244 	43.359 	-15.551 	
227.949 	-699.415 	207.042 	-57.473 	1.669 	-18.684 	
346.795 	-244.488 	-57.950 	53.663 	-0.476 	19.089 	
410.712 	-626.363 	94.677 	-46.045 	-8.876 	44.511 	
239.481 	-462.266 	-97.024 	-41.321 	-21.875 	22.560 	
336.174 	-614.263 	44.270 	-30.855 	-13.688 	35.823 	
521.269 	-768.047 	-176.835 	-4.015 	-21.738 	28.656 	
470.095 	-844.002 	96.143 	108.185 	-194.700 	57.648 	
307.882 	-402.768 	-44.530 	35.991 	11.696 	20.963 	
268.547 	-658.852 	-11.438 	-12.532 	10.814 	13.959 	
290.780 	-564.535 	5.067 	-7.045 	21.005 	44.759 	
553.139 	-890.522 	-416.071 	-6.123 	-47.935 	-41.365 	
348.583 	-578.985 	44.798 	-31.100 	-0.561 	39.534 	
729.123 	-695.919 	-1439.921 	2.887 	-25.812 	-110.162 	
257.789 	-581.062 	101.156 	-89.078 	-17.784 	20.343 	
202.225 	-609.095 	-0.918 	-62.607 	44.490 	-7.727 	
331.436 	-395.001 	17.897 	-8.240 	31.634 	35.158 	
287.152 	-517.990 	-89.405 	-73.474 	50.137 	28.702 	
281.437 	-857.660 	14.948 	-29.695 	-69.264 	-7.021 	
-1216.490 	-3025.712 	2185.081 	-153.137 	-230.939 	184.459 	
109.220 	-738.617 	-26.123 	-59.975 	-3.598 	38.371 	
378.468 	-490.790 	-27.600 	-31.356 	54.099 	-9.799 	
2778.072 	547.927 	-11.840 	123.631 	30.632 	-1.322 	
304.616 	-583.116 	5.692 	-12.434 	48.145 	-28.761 	
272.233 	-623.285 	242.756 	-30.390 	10.090 	7.933 	
304.546 	-617.912 	30.988 	-27.261 	35.523 	-86.888 	
383.664 	-466.146 	-74.377 	4.556 	26.240 	-8.119 	
302.981 	-711.517 	-23.168 	-42.711 	-9.863 	1.308 	
508.050 	-494.089 	-49.970 	16.447 	12.302 	-17.534 	
284.521 	-685.488 	22.402 	39.651 	9.300 	23.618 	
288.767 	-593.120 	-123.067 	-9.612 	6.219 	30.212 	
-484.953 	-1033.897 	-245.310 	-48.564 	-33.058 	-8.762 	
165.860 	-780.894 	91.892 	-16.034 	-4.856 	3.726 	
754.381 	-1207.711 	499.288 	-7.709 	-42.771 	28.655 	
278.954 	-629.321 	124.134 	5.874 	7.582 	-5.495 	
171.067 	-402.629 	-157.230 	-37.591 	-3.594 	-2.099 	
312.233 	-445.985 	-174.559 	-53.463 	28.131 	34.005 	
547.381 	-416.037 	-255.538 	-46.136 	-0.859 	-15.187 	
342.017 	-437.249 	216.103 	-13.121 	-10.012 	-24.141 	
-3167.808 	-6585.833 	5282.249 	-231.452 	-387.709 	311.403 	
1602.472 	236.472 	-583.941 	75.361 	37.679 	-43.332 	
358.819 	-554.938 	21.296 	14.089 	-7.328 	18.619 	
457.359 	-691.051 	213.708 	36.716 	-45.154 	76.237 	
289.640 	-565.551 	102.456 	-17.115 	-7.898 	-10.643 	
162.207 	-668.675 	-0.608 	-22.996 	44.340 	-12.363 	
249.752 	-513.518 	-30.789 	-79.023 	91.746 	-50.986 	
3479.357 	2815.042 	-2318.070 	267.003 	296.623 	-219.277 	
272.699 	-555.714 	10.132 	-32.033 	20.203 	-42.616 	
179.278 	-577.901 	-49.380 	-33.470 	-41.255 	47.380 	
573.250 	-2020.537 	1743.193 	-8.677 	-138.606 	154.068 	
247.067 	-383.511 	228.132 	-51.786 	-22.001 	-1.189 	
258.466 	-575.947 	-21.582 	-64.106 	67.136 	-28.713 	
258.970 	-618.873 	-143.278 	-30.834 	18.540 	12.977 	
473.304 	-815.496 	67.739 	-24.817 	2.068 	0.844 	
-3058.425 	-4423.147 	3981.545 	-344.422 	-380.648 	370.432 	
288.189 	-579.666 	26.157 	8.062 	7.519 	59.007 	
206.494 	-577.849 	20.240 	0.311 	-26.263 	22.311 	
371.497 	-500.272 	-18.300 	-49.799 	23.925 	-32.832 	
248.394 	-575.260 	10.767 	-12.576 	10.945 	-54.191 	
-2749.927 	5109.565 	645.992 	-1387.989 	2495.616 	280.003 	
407.811 	-610.365 	-29.535 	-17.151 	35.649 	-21.295 	
-502.864 	-1857.770 	-128.706 	-114.385 	-169.281 	-29.107 	
635.190 	-233.773 	-60.886 	-32.967 	-0.879 	11.498 	
275.274 	-625.804 	31.611 	-6.530 	38.897 	-73.958 	
221.705 	-720.415 	-136.512 	4.707 	6.580 	25.781 	
1080.100 	-2501.698 	-16.657 	32.046 	-142.074 	-7.666 	
265.600 	-694.067 	-137.811 	-54.440 	-48.539 	-15.496 	
3699.918 	20091.176 	-1360.256 	492.001 	3261.681 	-204.210 	
239.088 	-654.493 	-72.517 	-93.106 	-39.217 	-13.260 	
151.456 	-264.141 	-32.434 	12.714 	-6.479 	-2.297 	
1042.599 	-1004.060 	-598.648 	85.597 	-74.973 	-89.768 	
206.385 	-776.252 	41.844 	-46.870 	-6.410 	-49.265 	
404.176 	-596.267 	-59.789 	-23.581 	-11.313 	55.052 	
967.852 	225.599 	-1264.886 	59.199 	72.308 	-161.723 	
298.228 	-696.671 	18.034 	-23.275 	-38.508 	41.823 	
133.748 	-851.683 	123.826 	-30.861 	-78.757 	24.573 	
190.467 	-613.660 	-19.209 	-37.003 	-2.313 	-13.416 	
376.081 	-515.929 	179.233 	-33.685 	-13.434 	3.237 	
3525.669 	-6305.955 	-454.884 	1359.810 	-2502.963 	-201.958 	
295.939 	-452.567 	56.579 	-83.545 	22.939 	-12.184 	
