## Las primeras 200 lineas corresponden a la esfera 1 
##las siguienets 250 lineas a la esfera 2
## Las primeras tres columnas corresponden a la posición en 'x', 'y' y 'z', dadas en kpc, las siguientes tres a las velocidades, dadas en km/s
469.840 	-633.612 	-172.792 	-34.198 	-43.643 	19.857 	
175.017 	-566.760 	30.120 	50.005 	-87.754 	-3.401 	
325.342 	-768.319 	-378.852 	-18.785 	-5.137 	0.594 	
143.372 	-784.527 	-47.245 	-14.277 	26.035 	3.531 	
441.497 	-1089.051 	-53.507 	19.302 	-71.246 	-0.186 	
522.700 	-993.643 	4.521 	-53.012 	-76.812 	25.071 	
229.587 	-479.127 	-103.209 	25.666 	10.314 	-33.432 	
518.373 	-790.069 	38.502 	-12.787 	-46.794 	31.637 	
395.549 	-966.754 	-127.669 	8.805 	-79.341 	-4.630 	
419.964 	-900.699 	45.978 	-62.297 	-63.741 	-0.382 	
-471.789 	-355.986 	-512.609 	5.051 	-5.877 	-10.129 	
-595.885 	-2895.163 	-2845.066 	-22.372 	-98.740 	-95.973 	
439.889 	-860.826 	-77.459 	-12.227 	-15.431 	12.670 	
428.142 	-976.943 	34.136 	-9.434 	-43.584 	40.806 	
488.638 	-882.689 	-175.076 	-45.177 	-76.897 	7.259 	
1001.210 	606.063 	-2453.094 	51.410 	53.149 	-161.911 	
540.412 	-783.964 	-20.028 	-38.274 	-54.082 	-13.514 	
833.917 	-770.717 	137.772 	38.811 	-83.519 	36.467 	
460.497 	-694.653 	-1308.080 	1.451 	-37.954 	-100.334 	
405.214 	-772.642 	60.271 	-37.827 	-60.781 	-12.721 	
-1293.905 	-382.303 	971.462 	-49.873 	-20.870 	39.850 	
413.152 	-948.844 	25.781 	32.141 	-0.464 	-17.232 	
1390.020 	-1224.193 	62.557 	43.599 	-63.389 	9.450 	
82.286 	-748.374 	-27.526 	-33.197 	-16.156 	-34.749 	
721.193 	-930.568 	-50.505 	14.576 	-89.643 	21.092 	
680.323 	-874.696 	6.270 	-25.319 	-59.493 	-22.428 	
357.037 	-863.883 	-11.170 	-18.095 	-64.453 	26.711 	
391.313 	-853.813 	-6.625 	0.371 	-4.197 	17.212 	
1551.619 	-3710.669 	2035.828 	71.322 	-164.279 	90.320 	
-2330.476 	-6114.771 	-6465.192 	-195.006 	-432.547 	-477.462 	
427.059 	-831.201 	7.242 	-50.971 	-20.816 	-10.789 	
630.504 	-1051.966 	-65.352 	-1.972 	-56.512 	-20.183 	
596.683 	-800.417 	-95.489 	-14.378 	-88.538 	28.460 	
-2621.749 	-7311.588 	-3232.095 	-101.980 	-288.041 	-127.433 	
527.818 	-1468.270 	2475.458 	20.113 	-85.942 	164.825 	
738.471 	-1150.645 	194.439 	14.151 	-68.553 	9.645 	
450.395 	-852.792 	-5.494 	-46.057 	-38.828 	-2.612 	
198.104 	-690.006 	0.210 	-29.371 	38.457 	-24.989 	
66.515 	-696.875 	105.224 	-43.115 	12.279 	4.344 	
564.658 	-1029.822 	-84.394 	-14.765 	-70.936 	11.870 	
408.587 	-880.046 	-86.503 	-59.324 	-56.712 	-9.847 	
459.818 	-889.769 	-28.494 	-41.368 	-15.865 	-36.794 	
246.589 	-654.643 	51.194 	-46.641 	4.113 	-54.211 	
545.856 	-825.045 	38.237 	-8.989 	-43.450 	9.177 	
510.103 	-851.670 	-323.754 	-19.729 	-64.082 	-22.574 	
1122.387 	-674.824 	-56.143 	30.247 	-60.585 	3.200 	
3264.480 	2925.812 	949.792 	131.859 	114.209 	37.958 	
742.031 	-1021.737 	-129.791 	12.346 	-100.189 	-23.740 	
451.435 	-834.385 	-188.436 	-15.353 	-41.756 	23.017 	
3201.243 	-2409.602 	246.289 	135.820 	-110.553 	20.703 	
591.862 	-820.819 	-74.760 	32.844 	-91.385 	-49.511 	
330.263 	-5509.040 	-4628.178 	12.070 	-205.087 	-169.232 	
516.154 	-1450.989 	-23.036 	-5.548 	-87.541 	-1.547 	
439.185 	-1067.584 	107.773 	-2.828 	-58.995 	-14.914 	
269.066 	423.487 	-527.096 	13.313 	12.722 	-20.415 	
-3194.771 	-9105.916 	17483.798 	-146.635 	-400.914 	777.200 	
297.130 	-777.278 	-122.088 	-42.976 	-38.571 	-23.644 	
400.010 	-866.090 	7.317 	9.274 	-6.238 	-34.718 	
4589.294 	2692.579 	-2962.901 	193.733 	111.866 	-123.287 	
504.604 	-969.602 	185.023 	-13.645 	-65.574 	17.700 	
-166.048 	167.006 	889.488 	3.812 	-0.560 	26.668 	
705.830 	-968.068 	-120.608 	-3.850 	-52.090 	20.836 	
-98.750 	674.259 	-863.881 	8.773 	15.927 	-25.549 	
403.276 	-947.243 	73.831 	-47.554 	-73.818 	-10.310 	
191.463 	-833.386 	171.078 	6.033 	-6.728 	19.921 	
164.511 	-798.517 	-35.096 	-21.257 	-4.278 	-10.437 	
410.870 	-982.245 	-90.285 	16.536 	-50.291 	-39.611 	
236.586 	-1362.333 	111.282 	-27.782 	-39.695 	3.457 	
-7039.057 	502.643 	-2370.203 	-267.266 	19.208 	-88.889 	
322.369 	-789.432 	72.933 	-42.649 	-73.247 	17.573 	
5823.970 	-1361.975 	6165.839 	220.899 	-51.536 	234.114 	
440.536 	-832.112 	-163.148 	-31.794 	-48.238 	-25.748 	
69.434 	-513.232 	-71.329 	-69.302 	30.747 	59.887 	
437.006 	-876.072 	-44.100 	-17.148 	-41.513 	13.991 	
402.596 	-922.367 	16.763 	-16.524 	-29.272 	24.591 	
260.524 	-825.180 	25.382 	15.905 	-23.534 	9.481 	
3.310 	-446.804 	-424.277 	27.192 	-35.637 	3.890 	
660.415 	-393.067 	71.993 	6.702 	-52.460 	-16.929 	
78.428 	-571.838 	-18.690 	-14.551 	50.439 	0.949 	
429.596 	-877.136 	37.662 	-27.385 	-32.189 	0.623 	
427.715 	-903.285 	26.287 	-27.274 	10.764 	31.769 	
207.200 	-966.319 	-110.371 	-10.799 	-11.663 	-2.617 	
544.033 	-914.917 	49.935 	16.534 	-38.528 	9.939 	
270.840 	-680.069 	-124.330 	-35.370 	-6.999 	-22.560 	
3970.223 	-3621.245 	978.752 	186.940 	-174.373 	55.532 	
826.147 	-914.353 	-63.133 	1.025 	-94.065 	-6.778 	
121.945 	-210.620 	-1933.708 	12.679 	-6.669 	-61.345 	
511.538 	-1018.189 	208.316 	-15.026 	-31.709 	12.861 	
281.800 	-741.281 	334.497 	-30.041 	-28.132 	48.498 	
810.246 	-466.047 	109.935 	16.147 	-60.449 	-17.353 	
426.015 	2581.304 	2682.647 	5.242 	308.122 	290.087 	
553.480 	-818.114 	-132.005 	-19.239 	-34.769 	9.271 	
162.836 	-747.712 	-55.198 	17.154 	6.363 	-30.648 	
-464.321 	-171.017 	-795.662 	3.939 	-12.942 	-23.479 	
544.695 	-863.248 	57.862 	-28.376 	-19.890 	27.485 	
437.946 	-1000.966 	-128.578 	-35.664 	-64.791 	-15.382 	
517.020 	-973.330 	114.377 	-15.086 	-51.252 	-37.725 	
430.601 	-3898.463 	-2225.285 	5.561 	-384.897 	-233.856 	
489.373 	-963.336 	53.817 	7.837 	-19.604 	22.290 	
408.232 	-931.859 	12.539 	-8.273 	-54.070 	-17.681 	
513.519 	-827.848 	73.007 	-19.921 	-63.588 	11.082 	
690.371 	-606.128 	-89.183 	11.745 	-87.071 	-11.615 	
582.216 	-869.462 	-40.501 	-24.810 	-81.673 	-47.908 	
487.104 	-894.976 	35.565 	16.657 	-93.061 	21.815 	
408.052 	-935.010 	12.668 	-28.974 	19.328 	-7.875 	
766.347 	-862.217 	-0.410 	-11.114 	-63.072 	37.550 	
195.590 	-573.598 	6.339 	2.472 	38.322 	-16.361 	
-502.117 	5371.375 	622.129 	-20.876 	190.220 	23.178 	
259.380 	-754.605 	9.318 	74.362 	-10.803 	-10.361 	
480.495 	-953.758 	77.910 	-7.494 	-51.826 	32.554 	
881.598 	-394.652 	-105.495 	33.340 	-57.950 	-1.398 	
405.807 	-906.056 	-65.836 	-25.367 	-77.381 	4.304 	
142.512 	-775.733 	-41.659 	-25.630 	10.336 	17.368 	
863.407 	-868.942 	27.300 	19.861 	-70.999 	22.032 	
736.817 	2583.369 	3127.449 	34.229 	131.236 	159.469 	
499.161 	-1050.894 	-40.149 	-0.599 	-92.297 	-19.509 	
553.807 	-1032.902 	131.336 	-13.040 	-101.032 	15.507 	
-1875.846 	1815.217 	653.731 	-91.433 	81.727 	34.547 	
226.046 	-535.014 	-98.072 	27.926 	-98.351 	-10.651 	
217.173 	-781.772 	-34.425 	-23.495 	1.229 	2.577 	
128.087 	-453.581 	-194.769 	-1.380 	31.066 	-32.368 	
212324.179 	51498.784 	49027.594 	8125.859 	1972.107 	1874.604 	
484.941 	-773.289 	126.595 	-35.820 	-35.121 	33.103 	
605.373 	-749.503 	108.602 	-18.638 	-61.177 	24.931 	
499.658 	-808.888 	-74.416 	-8.290 	-41.537 	46.983 	
630.387 	-772.522 	-20.870 	-32.263 	-78.254 	-42.017 	
387.867 	-911.257 	8.223 	-36.668 	-23.908 	-1.548 	
854.545 	1430.111 	-1569.603 	32.321 	45.106 	-47.991 	
84.486 	-766.654 	-23.351 	-30.071 	-34.629 	-19.257 	
375.070 	-734.385 	12.295 	-7.604 	-20.203 	2.230 	
490.725 	-937.619 	-7.882 	-12.737 	-36.888 	-13.306 	
645.191 	405.345 	-1271.740 	30.758 	8.445 	-34.864 	
2210.722 	892.812 	2677.153 	91.929 	36.995 	111.788 	
384.208 	-1039.273 	181.795 	-27.454 	-83.097 	-1.904 	
-72.439 	379.625 	-177.517 	-1.765 	7.079 	-2.860 	
423.262 	-944.562 	-62.764 	-18.585 	-76.176 	52.917 	
477.993 	-889.141 	-95.155 	9.053 	-59.685 	0.421 	
509.700 	-850.855 	-90.722 	-47.857 	-73.175 	-2.170 	
-561.204 	-717.201 	1101.197 	-4.699 	-24.026 	28.109 	
329.653 	-863.361 	-12.833 	-60.340 	-76.741 	16.834 	
1224.830 	-1530.160 	-590.520 	86.988 	-103.472 	-51.279 	
-5749.954 	-4881.307 	4762.181 	-257.921 	-213.788 	211.643 	
432.310 	-963.602 	96.830 	-1.945 	-69.628 	-8.476 	
706.848 	-897.646 	-154.926 	1.341 	-53.756 	-9.720 	
397.902 	-947.645 	-68.987 	-23.832 	-47.333 	2.411 	
-60972.297 	-60610.537 	-40944.965 	-3418.741 	-3387.972 	-2289.171 	
369.402 	-239.282 	1202.934 	-1.738 	-3.598 	78.372 	
173.833 	-1083.472 	-467.418 	-22.478 	-70.836 	-20.726 	
1284.215 	-1691.327 	-3568.761 	54.251 	-68.723 	-153.020 	
529.309 	-1056.464 	0.278 	-38.067 	-84.504 	16.979 	
719.775 	-961.146 	-87.243 	-10.299 	-95.686 	13.281 	
355.406 	-926.785 	-3.423 	-14.110 	-61.280 	-23.132 	
-168.131 	-623.982 	82.722 	-31.532 	28.814 	-14.273 	
3678.282 	6939.258 	4827.212 	146.416 	273.793 	190.326 	
486.625 	-492.834 	-73.439 	-0.605 	-78.461 	-31.507 	
401.911 	-573.381 	-28.620 	2.286 	-84.922 	52.541 	
797.631 	1395.434 	-1078.761 	25.623 	40.446 	-32.094 	
611.571 	-955.816 	69.795 	-35.160 	-12.121 	10.005 	
-2254.535 	2232.205 	1745.706 	-80.768 	76.915 	63.395 	
111.571 	-515.873 	-110.489 	46.855 	22.243 	-51.736 	
502.009 	-784.601 	-9.731 	1.469 	-121.707 	11.341 	
462.047 	-1038.677 	135.328 	-18.608 	-69.338 	4.126 	
-617.561 	2169.515 	2463.654 	-28.639 	98.968 	106.804 	
297.015 	-691.531 	242.222 	-3.769 	-0.039 	17.731 	
446.898 	-868.958 	86.199 	-19.767 	-20.085 	12.370 	
1315.307 	-469.504 	546.565 	78.689 	-23.012 	37.078 	
-949.878 	-1405.163 	-2186.971 	-38.827 	-57.628 	-88.393 	
-1314.301 	-1892.877 	651.261 	-44.284 	-73.283 	24.698 	
1760.006 	-693.755 	1137.998 	66.925 	-27.182 	27.998 	
1879.622 	-827.265 	421.461 	59.049 	-45.045 	15.265 	
5330.213 	3689.906 	-3813.043 	232.149 	165.370 	-167.017 	
402.207 	-1012.535 	-66.704 	22.997 	-37.572 	-19.930 	
410.288 	-801.783 	-321.151 	-20.361 	-47.741 	-32.558 	
103.879 	-862.077 	-168.027 	-13.614 	-0.869 	7.182 	
557.910 	-872.537 	-180.862 	-22.216 	-47.601 	-4.265 	
750.187 	-890.225 	2645.487 	35.228 	-36.738 	114.352 	
438.695 	-1017.272 	-60.570 	-0.296 	-83.069 	17.990 	
376.710 	-907.426 	80.029 	-10.666 	-14.037 	9.855 	
476.008 	-878.314 	-28.234 	-8.165 	-14.811 	-12.100 	
612.723 	-821.465 	1.988 	-34.045 	-32.691 	11.356 	
342.933 	-834.156 	572.345 	23.334 	-46.219 	-3.386 	
2383.262 	-2562.378 	-1529.913 	115.429 	-126.773 	-70.380 	
471.275 	-943.978 	-31.166 	-2.091 	-55.637 	26.946 	
1640.226 	312.152 	-5127.505 	75.731 	18.314 	-236.740 	
409.591 	-946.056 	7.022 	8.053 	-58.205 	-13.873 	
344.436 	-897.928 	80.333 	13.564 	-34.429 	9.436 	
439.583 	-1029.559 	22.496 	-45.293 	-43.571 	6.550 	
353.355 	-867.484 	-24.844 	-24.682 	-68.186 	-18.440 	
492.598 	-844.681 	-66.760 	38.804 	-60.645 	-67.078 	
392.689 	-1033.433 	258.940 	-10.966 	-65.806 	-0.677 	
869.750 	-663.016 	135.143 	26.982 	-73.133 	20.796 	
564.284 	-1037.965 	92.174 	-4.227 	-46.430 	16.921 	
553.219 	-1105.122 	73.438 	-2.694 	-73.864 	-11.903 	
452.827 	-924.862 	121.975 	-33.014 	-77.657 	12.981 	
547.846 	-763.872 	-72.366 	28.863 	-85.409 	-32.006 	
3749.765 	6367.532 	-17964.533 	161.209 	284.949 	-794.125 	
4588.395 	4331.929 	6124.836 	315.258 	338.230 	451.307 	
63016.148 	61262.321 	40709.025 	3524.493 	3436.754 	2283.342 	
-212100.820 	-51357.722 	-53555.037 	-8113.918 	-1963.481 	-2050.512 	
1020.472 	-661.840 	-10.328 	44.513 	-67.970 	-17.497 	
-53.744 	-497.921 	201.621 	-26.114 	47.796 	1.535 	
207.166 	-602.980 	89.901 	0.826 	-5.200 	46.978 	
-124.252 	-765.807 	-0.388 	-21.329 	-14.190 	-8.703 	
274.970 	-607.008 	85.355 	-31.509 	-19.706 	-22.356 	
180.555 	-456.395 	130.263 	-6.136 	-4.168 	35.543 	
-7127.568 	1290.227 	2264.578 	-285.993 	46.394 	81.033 	
-1183.161 	-6574.483 	-1565.989 	-81.867 	-274.723 	-72.463 	
1390.781 	-5436.012 	1843.445 	27.109 	-222.465 	78.846 	
43.810 	-665.619 	32.839 	-18.362 	-6.909 	-38.264 	
319.163 	-870.790 	-167.608 	20.283 	-80.447 	-34.338 	
318.625 	-644.286 	-132.674 	4.893 	-40.838 	-12.140 	
365.791 	-573.880 	-55.064 	-4.011 	8.622 	-54.005 	
248.277 	-686.150 	44.843 	8.892 	12.013 	30.923 	
210.567 	-590.577 	26.306 	-11.250 	-18.989 	-28.957 	
518.514 	-72.424 	-451.255 	-24.245 	-29.018 	-1.431 	
-787.967 	-821.892 	439.069 	-179.646 	-44.219 	59.011 	
108.803 	-647.074 	-186.651 	-20.926 	0.772 	-5.345 	
73.213 	-608.218 	-2.536 	42.104 	-5.911 	-20.837 	
187.083 	-564.829 	293.947 	18.793 	8.453 	7.253 	
-19.946 	-517.494 	95.096 	2.502 	16.742 	-25.924 	
181.781 	-626.478 	78.354 	14.975 	5.361 	50.957 	
266.159 	-532.386 	0.814 	13.850 	57.488 	30.168 	
-6047.516 	-53976.018 	2979.551 	-420.621 	-3386.435 	193.186 	
330.315 	-337.803 	-4.086 	26.676 	26.074 	6.873 	
350.060 	-316.340 	-19.024 	4.709 	33.695 	-4.016 	
533.541 	-1138.447 	88.176 	-49.102 	-5.556 	-9.372 	
355.725 	-660.011 	84.400 	40.490 	-25.545 	27.188 	
-223.645 	-3304.095 	-162.846 	-42.011 	-148.375 	-13.329 	
1252.918 	1057.755 	-805.438 	13.554 	34.103 	-25.660 	
4842.821 	-5386.967 	2249.083 	191.118 	-232.126 	100.201 	
354.339 	-680.741 	-168.920 	41.725 	-10.891 	10.420 	
290.268 	-441.612 	62.261 	26.019 	24.675 	25.052 	
150.659 	-512.021 	-213.946 	10.871 	-1.879 	27.458 	
3100.845 	-2273.720 	1563.205 	86.967 	-77.636 	55.521 	
-111.265 	-972.363 	-326.001 	-10.961 	-7.324 	-36.071 	
1153.579 	2430.222 	4137.500 	26.827 	131.369 	196.092 	
322.392 	-642.081 	-128.781 	-3.646 	-19.388 	-27.719 	
-1548.544 	-3216.197 	3249.965 	-84.993 	-116.621 	119.279 	
248.947 	-541.969 	27.368 	-9.615 	51.142 	13.586 	
-72.560 	-485.609 	-101.513 	6.959 	17.478 	-6.319 	
96.039 	-506.372 	-81.115 	13.753 	66.842 	8.910 	
214.027 	-568.135 	126.591 	37.939 	18.060 	42.292 	
-1041.077 	-1176.405 	-603.494 	-69.547 	-31.293 	-24.335 	
972.262 	-1431.971 	-2077.276 	109.279 	-125.392 	-286.771 	
2808.562 	899.281 	869.100 	102.450 	56.168 	39.224 	
391.406 	-2469.445 	-937.007 	-17.028 	-81.685 	-29.427 	
-73.353 	-564.815 	-142.295 	-0.528 	17.810 	14.979 	
356.052 	-509.696 	-73.873 	19.667 	-54.226 	-22.229 	
1399.685 	-1493.310 	54.147 	23.425 	-50.541 	1.169 	
37.248 	-410.113 	-492.994 	-26.801 	34.318 	-72.918 	
304.650 	-542.876 	95.216 	15.877 	27.435 	15.541 	
-4170.428 	7812.107 	-653.916 	-223.783 	372.923 	-32.819 	
1117.770 	-1843.511 	1241.929 	73.932 	-112.634 	106.144 	
604.161 	-697.626 	47.404 	30.352 	-29.050 	-0.390 	
-29.317 	-773.728 	-27.192 	-5.538 	18.117 	27.713 	
641.970 	-193.163 	-1284.710 	146.207 	126.474 	-415.025 	
1123.094 	-548.437 	-505.694 	131.225 	-3.000 	-86.270 	
305.538 	-659.120 	-132.755 	45.874 	-33.898 	-32.017 	
-69.090 	-545.435 	-169.171 	-11.609 	1.374 	15.376 	
483.195 	158.055 	13.408 	23.627 	97.032 	-8.943 	
-218.906 	-1955.769 	-1551.153 	-40.841 	-74.534 	-69.630 	
311.009 	-602.087 	-60.333 	-13.194 	-21.431 	0.822 	
378.097 	-1607.349 	47.424 	-13.393 	-50.357 	-2.961 	
378.180 	-259.527 	-519.140 	-8.377 	17.525 	-20.693 	
-8360.810 	-8524.226 	-36171.576 	-1217.648 	-1122.847 	-5126.226 	
-558.339 	765.877 	-401.085 	-17.692 	35.060 	-19.196 	
100.359 	-810.178 	32.795 	15.148 	-68.815 	22.845 	
184.158 	-603.535 	15.354 	-5.877 	-3.489 	36.217 	
66.994 	-698.213 	1333.015 	-30.221 	-17.491 	31.866 	
36.107 	-501.582 	138.307 	-8.712 	29.138 	22.934 	
33.134 	-591.506 	-13.014 	40.196 	0.357 	-17.938 	
145.220 	-552.147 	235.991 	-5.310 	9.413 	59.891 	
284.161 	-612.853 	52.461 	-25.650 	-9.731 	26.350 	
245.567 	-548.256 	-22.139 	19.435 	-13.299 	6.592 	
201.895 	-329.664 	-15.302 	14.921 	23.054 	13.828 	
-24.429 	254.480 	-45.199 	-25.157 	118.408 	-4.866 	
3840.530 	268.363 	-4099.764 	409.957 	98.355 	-455.914 	
49.154 	-598.556 	25.828 	2.402 	-3.840 	-24.202 	
69.017 	-619.367 	-29.678 	16.512 	35.371 	-27.745 	
-72.290 	-653.464 	68.511 	-4.020 	19.103 	-31.762 	
396.386 	-512.096 	-73.287 	-4.355 	-69.972 	10.270 	
114.613 	-509.110 	-33.485 	18.998 	-20.885 	44.145 	
2809.869 	76.633 	-157.228 	101.273 	12.740 	-9.445 	
-421.424 	-2976.298 	-559.376 	-50.008 	-135.259 	-23.611 	
82.595 	-541.074 	-12.968 	-7.667 	6.488 	-24.267 	
249.137 	-505.589 	61.048 	-12.708 	-3.512 	7.388 	
524.459 	-726.025 	-24.188 	3.643 	-63.234 	15.224 	
176.528 	-503.616 	-44.592 	-25.769 	17.981 	11.358 	
341.331 	-432.799 	-78.193 	-16.309 	-1.051 	4.448 	
491.000 	-1290.621 	1609.262 	-2.637 	-50.374 	92.161 	
251.455 	-531.133 	140.212 	-18.549 	-40.358 	31.559 	
875.959 	-1003.896 	-7.682 	63.197 	-26.567 	2.813 	
-2222.495 	2092.784 	-1920.854 	-128.549 	98.545 	-79.349 	
243.045 	-582.720 	118.909 	18.312 	-45.986 	-11.815 	
298.936 	-528.267 	-24.416 	-26.423 	-14.018 	-1.844 	
23.127 	-697.308 	162.345 	-27.405 	-33.889 	-0.493 	
1.054 	-583.795 	38.362 	21.464 	-24.599 	2.857 	
313.151 	-609.837 	-163.039 	37.910 	-12.239 	-40.516 	
-762.392 	-504.306 	1009.255 	-66.041 	-0.632 	49.929 	
263.863 	-620.263 	57.403 	43.254 	-21.884 	12.629 	
306.391 	-534.290 	-62.063 	-6.666 	-10.223 	-22.857 	
-216.754 	-1639.126 	-535.834 	-25.933 	-49.025 	-13.784 	
653.684 	-349.589 	-302.715 	54.033 	27.795 	-46.786 	
-374.677 	-444.218 	71.171 	-17.050 	-8.717 	-8.890 	
322.675 	-641.949 	83.564 	11.949 	13.333 	14.276 	
301.730 	-648.645 	13.590 	24.936 	17.739 	14.872 	
225.739 	-481.082 	-9.568 	-11.326 	2.073 	16.745 	
434.153 	-706.654 	28.324 	33.472 	-10.196 	-18.431 	
457.848 	-3560.799 	-4792.220 	-6.235 	-154.810 	-230.257 	
314.836 	-515.994 	-2.593 	-37.620 	-39.513 	-24.868 	
-5700.262 	2888.842 	-3986.170 	-286.863 	143.172 	-181.626 	
324.550 	-447.439 	-123.274 	1.177 	19.115 	-56.217 	
286.810 	-531.644 	-10.247 	73.002 	-28.201 	25.249 	
-17.123 	-1064.856 	1257.392 	-66.406 	-154.480 	403.458 	
308.173 	-308.903 	87.701 	20.766 	-7.369 	15.908 	
338.803 	-672.016 	-47.097 	25.570 	-14.060 	-11.962 	
39.144 	-568.942 	46.006 	20.980 	10.315 	4.490 	
334.548 	-518.039 	137.915 	17.477 	43.048 	-27.413 	
-170.502 	-861.248 	-342.043 	-17.615 	7.404 	-2.935 	
1136.579 	1868.064 	-1714.357 	30.635 	116.593 	-97.593 	
194.698 	-496.049 	42.199 	-22.404 	-7.490 	30.061 	
6762.476 	-2934.283 	-1611.275 	217.119 	-105.420 	-57.751 	
-3472.294 	-8395.066 	10311.163 	-462.971 	-943.847 	1249.528 	
257.747 	-628.242 	49.276 	3.382 	24.000 	32.858 	
-199.052 	-706.094 	234.691 	-33.036 	-11.992 	12.834 	
21.918 	-669.174 	-305.668 	-44.439 	-22.435 	-44.093 	
490.546 	-763.538 	53.224 	25.555 	-37.622 	17.022 	
283.820 	-401.191 	106.695 	-10.605 	8.337 	27.660 	
-3294.649 	-1288.181 	-1065.057 	-141.854 	-43.305 	-31.841 	
2646.996 	9324.173 	-8867.770 	71.589 	352.791 	-335.029 	
1170.470 	124.968 	-1793.218 	19.914 	2.552 	-63.249 	
160.195 	-523.289 	0.888 	7.666 	-12.162 	-31.696 	
-423.801 	-498.606 	-21.118 	-12.620 	-2.816 	4.931 	
-195.064 	-478.232 	-232.357 	-25.871 	3.602 	-6.595 	
238.486 	-422.193 	-162.361 	37.879 	19.462 	11.511 	
140.479 	-571.709 	116.260 	5.598 	-47.417 	32.355 	
339.141 	-529.156 	-98.412 	29.127 	-15.588 	5.194 	
373.628 	-637.352 	-21.438 	-26.011 	-34.034 	9.717 	
130.273 	-448.089 	10.185 	28.299 	16.331 	13.404 	
344.624 	-634.218 	-8.028 	42.939 	-43.767 	-48.937 	
411.181 	-637.237 	-42.711 	12.613 	-28.506 	-0.129 	
1931.338 	-342.761 	2000.787 	67.547 	-5.963 	102.150 	
170.911 	-1628.213 	-389.106 	-8.032 	-29.816 	0.612 	
567.403 	4059.268 	-326.568 	-5.896 	190.475 	-19.144 	
1894.432 	-393.930 	-1816.489 	36.707 	-11.712 	-64.899 	
122.674 	-327.691 	2.440 	-5.053 	-32.312 	20.600 	
237.840 	-860.609 	26.484 	12.769 	17.318 	63.020 	
180.788 	-578.773 	-39.031 	8.305 	-21.772 	30.280 	
166.261 	-471.080 	-39.121 	4.775 	-48.754 	32.114 	
94.179 	-624.645 	-227.843 	-7.974 	-4.633 	-33.693 	
153.597 	-649.175 	35.502 	-26.733 	-11.734 	-35.637 	
170.941 	-620.511 	32.177 	-30.359 	-43.217 	4.415 	
189.802 	-167.271 	-174.553 	13.499 	23.512 	-36.820 	
-2230.536 	1040.432 	-1597.668 	-237.143 	154.022 	-155.824 	
71.019 	-473.907 	3.007 	-35.548 	10.975 	-6.148 	
382.516 	-492.922 	-11.096 	17.793 	-3.659 	-15.754 	
180.108 	-524.758 	-72.337 	-46.912 	-25.622 	24.185 	
-45.277 	-545.446 	-5.355 	-4.016 	35.502 	-45.858 	
250.984 	-677.189 	47.189 	-20.572 	-15.192 	24.453 	
144.954 	-315.455 	42.445 	-12.047 	30.053 	-22.679 	
379.153 	-522.395 	10.993 	34.474 	21.137 	-5.019 	
194.222 	-1088.008 	-4.487 	-32.205 	15.588 	9.266 	
191.930 	-529.421 	-225.583 	-38.773 	-43.116 	7.021 	
-171.068 	-519.285 	1701.574 	-36.222 	-7.718 	73.463 	
3357.536 	-8759.250 	2195.866 	125.584 	-395.680 	99.352 	
-1408.505 	-2829.563 	2573.980 	-107.329 	-139.542 	142.892 	
316.319 	-678.569 	34.647 	6.742 	-8.803 	-19.550 	
970.201 	-758.275 	440.137 	-5.952 	-16.449 	6.546 	
525.034 	-826.405 	39.265 	1.347 	-101.988 	-29.957 	
180.558 	-710.822 	119.251 	46.431 	-9.278 	1.883 	
158.016 	-315.210 	-175.025 	-6.102 	-37.013 	-16.330 	
266.610 	-489.391 	-110.686 	47.989 	14.636 	14.752 	
685.793 	-863.716 	50.102 	-4.928 	-88.041 	-9.807 	
142.249 	-533.472 	-180.332 	29.652 	-1.174 	-35.403 	
-449.558 	-220.992 	2529.525 	-87.733 	41.466 	349.443 	
8474.331 	7681.720 	35703.038 	1164.823 	1170.580 	5045.317 	
-335.093 	-402.134 	169.283 	-136.099 	70.636 	25.454 	
1447.612 	-2597.599 	609.114 	101.146 	-181.374 	52.975 	
661.222 	-793.891 	4.543 	-3.556 	-75.768 	-11.683 	
409.355 	-590.283 	-67.931 	-14.720 	-31.652 	-11.375 	
628.680 	-899.040 	28.487 	70.913 	-53.981 	23.440 	
460.927 	-1272.579 	-723.308 	-11.521 	-34.480 	-25.180 	
312.321 	-505.689 	-27.556 	7.204 	-17.706 	35.176 	
751.673 	-937.991 	-2465.177 	2.063 	-25.268 	-106.236 	
-81.908 	-593.471 	-69.870 	13.358 	3.029 	-21.032 	
387.708 	-741.963 	26.056 	8.490 	-60.001 	-3.420 	
448.843 	-627.940 	-28.003 	-18.653 	-69.305 	-24.094 	
118.813 	-394.371 	84.098 	17.402 	-23.840 	-3.643 	
52.430 	-1232.804 	-49.782 	-17.072 	-21.412 	-6.147 	
-2670.100 	-5217.739 	3935.807 	-152.826 	-230.457 	184.052 	
-33.224 	-591.508 	207.345 	20.049 	19.360 	-2.393 	
208.576 	-510.143 	-6.061 	-0.369 	-68.358 	-0.050 	
3944.875 	835.736 	-24.411 	122.126 	30.018 	-1.323 	
151.336 	-945.006 	-66.240 	-7.075 	-57.227 	-12.033 	
379.005 	-545.671 	-162.539 	50.515 	-4.953 	-22.309 	
-167.650 	-2661.078 	-318.170 	-56.779 	-259.384 	-31.133 	
219.249 	-707.204 	15.400 	-25.420 	-57.451 	-34.198 	
339.597 	-571.676 	-65.572 	17.333 	-26.569 	-39.114 	
127.917 	-691.465 	59.894 	-32.810 	-46.016 	-9.958 	
202.970 	-488.795 	-136.844 	-16.993 	-38.294 	-3.016 	
230.902 	-631.208 	54.162 	0.084 	-13.668 	-61.239 	
-900.894 	-1319.171 	-318.141 	-40.001 	-27.746 	-6.858 	
367.112 	-397.529 	-133.751 	33.250 	28.968 	-26.457 	
658.653 	-1567.297 	737.289 	-11.680 	-33.684 	21.770 	
276.681 	-519.148 	-13.062 	-4.805 	-12.093 	59.140 	
316.982 	-724.151 	26.649 	59.163 	-36.597 	13.970 	
153.929 	-652.265 	248.169 	9.038 	-50.702 	8.776 	
66.943 	-610.369 	67.926 	-26.822 	-45.233 	66.150 	
193.584 	-807.429 	-195.492 	-18.622 	-35.131 	-4.220 	
-5367.136 	-10269.920 	8241.234 	-231.392 	-387.600 	311.312 	
2301.106 	584.559 	-987.832 	72.229 	35.847 	-41.909 	
271.398 	-577.346 	22.986 	33.141 	1.076 	22.714 	
708.632 	-1015.166 	760.467 	21.678 	-29.153 	46.972 	
-36.358 	36.929 	-18.523 	-51.913 	125.945 	6.133 	
522.981 	-618.181 	78.711 	22.430 	-49.924 	6.618 	
-159.199 	20.151 	-341.404 	-31.458 	41.894 	-24.247 	
6015.513 	5632.533 	-4401.021 	266.768 	296.358 	-219.104 	
243.513 	-500.824 	108.737 	-10.324 	10.353 	-0.230 	
464.684 	-542.011 	-56.894 	10.420 	8.706 	-40.371 	
490.080 	-3331.727 	3199.986 	-8.790 	-137.536 	152.754 	
129.071 	-726.251 	-110.041 	38.675 	-37.204 	-39.438 	
291.612 	-613.322 	24.043 	1.203 	-70.831 	16.003 	
399.526 	-662.658 	196.075 	22.358 	-21.882 	-12.023 	
113.788 	-360.923 	-99.541 	-20.606 	42.250 	-20.795 	
-6331.035 	-8039.974 	7501.254 	-344.302 	-380.520 	370.299 	
447.955 	-710.099 	229.375 	37.607 	-15.352 	27.070 	
170.329 	-581.463 	9.147 	-2.757 	-6.291 	33.195 	
224.214 	-676.570 	59.419 	50.873 	-20.366 	12.690 	
102.875 	-613.689 	45.731 	-26.281 	-19.946 	-5.916 	
-15940.692 	28826.675 	3307.001 	-1387.948 	2495.543 	279.994 	
3727.080 	7467.978 	-10317.064 	405.153 	968.721 	-1237.586 	
-1580.190 	-3452.103 	-403.868 	-112.711 	-166.845 	-28.844 	
107.626 	-760.573 	-4.884 	-35.538 	-100.883 	-14.244 	
959.770 	2099.983 	-110.036 	83.318 	330.178 	-5.775 	
341.826 	-446.218 	218.864 	6.623 	1.778 	1.464 	
1380.492 	-3840.281 	-89.319 	31.291 	-139.933 	-7.627 	
-103.681 	-745.363 	-36.460 	-9.379 	17.499 	21.195 	
8375.741 	51089.172 	-3301.004 	491.998 	3261.664 	-204.209 	
-147.736 	-693.414 	45.961 	-1.818 	11.881 	16.359 	
367.096 	-802.818 	70.030 	8.372 	-75.174 	25.708 	
1832.582 	-1700.019 	-1430.935 	81.634 	-72.221 	-86.211 	
120.420 	-448.566 	-202.341 	27.378 	37.961 	15.783 	
262.284 	-603.047 	-83.875 	29.131 	-22.556 	-29.490 	
1523.183 	903.963 	-2786.037 	57.988 	70.842 	-159.094 	
205.759 	-476.382 	-110.974 	-4.868 	2.833 	-23.626 	
-69.083 	-1429.128 	283.951 	-15.930 	-50.693 	12.476 	
-3367.493 	-1732.453 	4192.645 	-397.803 	-125.870 	472.942 	
421.674 	-656.060 	-738.719 	58.459 	-17.766 	-179.976 	
16448.643 	-30092.909 	-2374.196 	1359.771 	-2502.892 	-201.952 	
-87.059 	-716.558 	-82.176 	-2.678 	-40.645 	-1.562 	
