## Las primeras 200 lineas corresponden a la esfera 1 
##las siguienets 250 lineas a la esfera 2
## Las primeras tres columnas corresponden a la posición en 'x', 'y' y 'z', dadas en kpc, las siguientes tres a las velocidades, dadas en km/s
272.557 	-802.699 	-48.358 	-47.230 	-32.496 	39.733 	
409.900 	-924.962 	-19.179 	54.531 	-82.613 	-6.523 	
248.026 	-786.874 	-325.278 	-17.102 	-3.651 	24.408 	
124.811 	-573.092 	54.832 	15.636 	62.061 	18.852 	
528.415 	-1313.783 	-45.558 	15.965 	-38.219 	3.695 	
288.257 	-1236.409 	107.833 	-46.462 	-38.275 	20.110 	
319.809 	-495.053 	-196.099 	16.502 	-14.534 	-12.474 	
398.632 	-1028.361 	97.398 	-34.894 	-53.238 	-13.281 	
460.558 	-1245.248 	-83.019 	14.910 	-49.114 	20.681 	
238.185 	-1099.734 	-30.329 	-25.819 	-32.653 	-21.063 	
-439.705 	-385.346 	-548.776 	9.788 	-7.825 	-6.739 	
-691.625 	-3318.344 	-3256.178 	-22.248 	-98.467 	-95.615 	
389.212 	-962.704 	57.657 	-10.969 	-38.259 	35.409 	
404.924 	-1106.970 	153.639 	-1.063 	-25.896 	9.304 	
292.496 	-1172.800 	-63.960 	-40.997 	-56.104 	39.451 	
1221.550 	833.469 	-3146.625 	51.276 	52.833 	-161.309 	
284.399 	-1032.227 	-43.856 	-63.427 	-50.158 	5.416 	
971.724 	-1127.110 	278.621 	26.900 	-81.933 	29.712 	
466.159 	-857.391 	-1732.502 	1.233 	-37.863 	-97.660 	
298.411 	-1122.928 	-172.996 	1.755 	-133.819 	-140.341 	
-1504.799 	-472.495 	1140.647 	-48.463 	-21.144 	39.019 	
476.967 	-903.848 	-69.156 	-4.274 	9.233 	-17.009 	
1569.063 	-1493.069 	102.455 	40.048 	-62.011 	9.139 	
15.160 	-821.981 	-132.517 	-1.296 	-15.913 	-14.747 	
732.036 	-1292.007 	33.309 	-7.096 	-78.446 	17.810 	
504.138 	-1109.127 	-72.604 	-55.154 	-49.448 	-13.161 	
374.958 	-1104.389 	60.592 	16.786 	-41.713 	8.579 	
388.139 	-920.466 	22.253 	-13.181 	-31.234 	1.564 	
1857.431 	-4415.024 	2422.972 	71.188 	-163.958 	90.097 	
-3167.385 	-7971.153 	-8514.324 	-194.981 	-432.500 	-477.404 	
274.669 	-1026.785 	5.510 	-14.747 	-61.150 	12.599 	
584.382 	-1247.937 	-129.187 	-18.250 	-36.537 	-8.848 	
460.151 	-1175.737 	50.308 	-47.742 	-79.509 	33.791 	
-3059.352 	-8547.657 	-3778.936 	-101.937 	-287.950 	-127.388 	
614.011 	-1836.523 	3181.119 	20.051 	-85.679 	164.064 	
779.360 	-1423.784 	222.243 	5.628 	-59.368 	3.797 	
237.141 	-905.654 	122.824 	-51.602 	59.019 	116.909 	
156.037 	-548.810 	-98.279 	3.601 	15.656 	-18.760 	
-57.225 	-627.346 	83.731 	-16.856 	14.867 	-12.753 	
460.375 	-1282.274 	-5.892 	-31.889 	-46.894 	23.576 	
211.557 	-1097.022 	-42.760 	-30.292 	-42.391 	22.927 	
278.636 	-921.825 	-56.533 	-33.781 	-3.907 	13.009 	
107.326 	-538.311 	-100.515 	-15.989 	31.718 	-13.597 	
396.734 	-1013.448 	62.389 	-58.429 	-31.932 	6.555 	
410.702 	-1113.426 	-372.684 	-25.300 	-57.711 	-1.444 	
1228.278 	-936.876 	-40.810 	18.909 	-61.732 	3.003 	
3830.025 	3415.516 	1112.576 	131.684 	113.997 	37.900 	
764.418 	-1422.844 	-211.918 	0.247 	-88.270 	-15.816 	
347.276 	-1012.218 	2.813 	-24.675 	-38.215 	64.797 	
3783.141 	-2883.501 	335.068 	135.363 	-110.293 	20.668 	
665.427 	-1187.065 	-239.098 	7.823 	-80.579 	-28.996 	
382.062 	-6389.018 	-5354.281 	12.068 	-204.974 	-169.125 	
488.312 	-1807.056 	-28.483 	-7.362 	-78.978 	-0.993 	
437.653 	-1230.472 	14.628 	-0.075 	-22.317 	-26.483 	
325.866 	470.843 	-611.217 	13.127 	9.495 	-18.841 	
-3824.123 	-10826.624 	20819.505 	-146.632 	-400.907 	777.184 	
129.393 	-920.902 	-168.625 	-31.290 	-39.485 	4.434 	
441.955 	-950.177 	-68.735 	3.540 	-31.428 	2.560 	
5420.535 	3172.506 	-3491.877 	193.617 	111.777 	-123.212 	
435.372 	-1205.469 	227.662 	-19.271 	-43.073 	-1.368 	
-147.524 	160.122 	999.136 	4.763 	-2.576 	24.486 	
647.480 	-1175.259 	2.085 	-24.915 	-44.785 	31.394 	
-59.980 	738.682 	-970.946 	9.257 	14.155 	-24.374 	
269.066 	-1179.999 	-16.576 	-16.251 	-35.899 	-22.265 	
245.771 	-833.304 	200.533 	16.657 	4.705 	-4.871 	
111.872 	-741.776 	-54.172 	-10.509 	22.828 	-20.432 	
435.898 	-1150.434 	-182.780 	-20.974 	-28.406 	-1.982 	
125.815 	-1508.331 	120.556 	-23.484 	-28.546 	0.875 	
-8185.929 	585.049 	-2751.641 	-267.162 	19.192 	-88.856 	
179.982 	-1064.292 	92.726 	-19.933 	-44.712 	-0.778 	
6771.923 	-1583.148 	7170.490 	220.834 	-51.528 	234.041 	
336.248 	-1031.440 	-194.748 	-22.424 	-43.395 	9.216 	
-154.160 	-424.326 	190.116 	-41.919 	14.460 	57.906 	
388.660 	-1006.408 	38.120 	-11.756 	-14.021 	23.192 	
363.811 	-954.319 	55.276 	7.939 	6.785 	-19.779 	
383.280 	-914.224 	41.853 	40.069 	-26.417 	-9.160 	
134.928 	-610.983 	-375.083 	33.697 	-40.911 	20.381 	
656.827 	-642.710 	-6.913 	-9.323 	-63.195 	-19.337 	
107.711 	-405.258 	-34.850 	17.334 	23.561 	-3.129 	
327.711 	-1022.424 	73.985 	-1.322 	-25.680 	-3.509 	
330.592 	-877.643 	16.952 	-17.138 	-2.505 	-11.549 	
198.236 	-976.470 	-88.365 	7.837 	4.778 	12.462 	
519.650 	-1053.381 	73.715 	-27.337 	-26.621 	-0.270 	
152.320 	-691.771 	-140.888 	-19.977 	0.010 	14.680 	
4772.081 	-4369.271 	1216.969 	186.727 	-174.206 	55.476 	
786.786 	-1304.211 	-81.729 	-17.422 	-86.954 	-2.267 	
176.777 	-240.002 	-2193.859 	12.854 	-7.011 	-59.944 	
415.017 	-1137.476 	158.713 	-28.429 	-23.508 	-32.926 	
159.122 	-855.792 	496.622 	-26.836 	-25.673 	29.306 	
852.418 	-739.064 	29.030 	3.425 	-66.019 	-19.874 	
448.583 	3903.178 	3927.350 	5.270 	307.872 	289.932 	
416.394 	-983.259 	-15.154 	-47.877 	-37.864 	43.583 	
262.653 	-696.293 	-125.751 	26.411 	18.400 	-1.895 	
-442.051 	-230.135 	-890.194 	6.362 	-14.561 	-20.605 	
370.741 	-951.486 	73.510 	-43.260 	-31.119 	-25.170 	
305.644 	-1184.355 	-112.315 	-24.405 	-26.006 	17.579 	
401.320 	-1100.140 	-71.651 	-33.720 	-9.263 	-36.391 	
454.445 	-5549.773 	-3228.541 	5.551 	-384.620 	-233.669 	
460.558 	-1003.131 	78.495 	-26.150 	-2.026 	-12.856 	
18.368 	-1352.635 	138.933 	-83.639 	-89.253 	26.513 	
412.140 	-1075.492 	45.289 	-29.962 	-47.219 	-14.352 	
694.611 	-995.675 	-123.015 	-9.321 	-92.453 	-4.097 	
433.995 	-1178.754 	-205.454 	-19.291 	-62.115 	-29.861 	
484.416 	-1253.105 	103.220 	-12.561 	-70.985 	8.468 	
653.825 	-600.906 	-202.403 	46.359 	73.283 	-43.707 	
669.812 	-1155.778 	136.175 	-30.964 	-69.894 	25.466 	
228.177 	-490.832 	-44.176 	7.654 	-1.421 	-7.253 	
-591.657 	6187.404 	721.566 	-20.849 	190.044 	23.159 	
570.147 	-785.539 	-20.696 	60.329 	-8.436 	-7.352 	
414.545 	-1130.886 	124.673 	-24.149 	-29.499 	-4.011 	
1004.178 	-654.468 	-107.305 	24.002 	-62.503 	0.460 	
289.600 	-1761.003 	114.049 	-27.148 	-248.932 	56.696 	
123.287 	-745.516 	-35.295 	17.835 	13.917 	27.375 	
911.774 	-1168.142 	115.172 	4.429 	-67.731 	19.115 	
883.580 	3146.209 	3811.377 	34.168 	131.054 	159.255 	
464.707 	-1370.683 	-78.523 	-11.039 	-58.685 	0.248 	
468.646 	-1411.208 	153.677 	-23.873 	-77.258 	-1.339 	
-2267.514 	2165.135 	801.787 	-91.097 	81.350 	34.450 	
375.947 	-942.195 	-74.497 	39.351 	-86.825 	18.411 	
204.192 	-654.770 	64.690 	15.387 	43.291 	24.102 	
158.745 	-294.307 	-215.495 	11.931 	27.676 	4.732 	
247200.383 	59963.070 	57073.398 	8125.859 	1972.107 	1874.604 	
311.562 	-932.337 	186.218 	-40.797 	-36.956 	-4.686 	
464.805 	-1025.293 	154.342 	-46.099 	-65.052 	-6.462 	
418.926 	-1018.274 	118.590 	-33.679 	-57.601 	27.593 	
418.113 	-1129.162 	-174.387 	-59.538 	-82.153 	-25.151 	
298.198 	-985.433 	20.159 	-6.392 	-10.765 	-2.054 	
992.925 	1622.231 	-1774.391 	32.162 	44.446 	-47.462 	
25.697 	-848.752 	-102.325 	-0.917 	-8.585 	-17.662 	
332.174 	-833.960 	18.565 	-12.606 	-26.472 	-5.035 	
367.714 	-1059.833 	-25.320 	-33.235 	-20.621 	6.475 	
776.286 	438.868 	-1418.295 	30.329 	7.240 	-33.488 	
2604.745 	1051.147 	3156.192 	91.692 	36.798 	111.456 	
289.388 	-1344.576 	135.887 	-17.071 	-59.780 	-17.276 	
-77.106 	400.678 	-187.032 	-0.557 	3.001 	-1.733 	
355.457 	-1188.212 	171.271 	-12.260 	-46.603 	44.776 	
463.092 	-1092.018 	-20.719 	-20.019 	-41.047 	28.316 	
291.253 	-1130.236 	-27.960 	-44.912 	-56.660 	7.567 	
-577.825 	-819.996 	1216.902 	-3.096 	-23.891 	25.873 	
159.393 	-1149.327 	55.378 	-25.594 	-56.107 	13.100 	
1594.186 	-1970.671 	-807.825 	85.306 	-101.970 	-50.120 	
-6856.814 	-5798.793 	5670.447 	-257.860 	-213.747 	211.597 	
413.163 	-1175.054 	2.808 	-7.488 	-33.329 	-25.069 	
661.786 	-1120.875 	-162.052 	-22.371 	-50.482 	4.168 	
356.587 	-521.994 	-116.593 	-12.308 	156.328 	-16.015 	
-75645.541 	-75151.720 	-50770.093 	-3418.741 	-3387.972 	-2289.171 	
361.499 	-257.077 	1533.386 	-1.929 	-4.605 	75.801 	
84.204 	-1373.751 	-538.604 	-19.391 	-64.824 	-13.111 	
1516.810 	-1986.027 	-4224.603 	54.140 	-68.609 	-152.612 	
348.067 	-1334.780 	70.998 	-41.215 	-47.133 	15.259 	
631.138 	-1326.461 	-25.673 	-28.908 	-75.504 	15.861 	
365.780 	-1095.173 	-60.704 	7.188 	-21.060 	2.420 	
-258.188 	-509.047 	11.866 	-12.553 	24.560 	-17.649 	
4306.641 	8114.243 	5644.010 	146.390 	273.733 	190.290 	
395.717 	-858.895 	-158.371 	-34.825 	-86.479 	-5.753 	
353.076 	-965.955 	147.689 	-15.446 	-95.370 	24.646 	
907.207 	1566.953 	-1215.653 	25.441 	39.517 	-31.710 	
380.669 	-976.520 	36.582 	10.153 	-65.525 	-21.625 	
-2600.704 	2561.791 	2017.458 	-80.551 	76.677 	63.244 	
340.631 	-467.351 	-269.307 	52.829 	2.144 	-24.279 	
453.616 	-1291.956 	32.087 	-26.161 	-106.457 	7.628 	
381.293 	-1270.817 	92.441 	-18.509 	-39.131 	-20.709 	
-740.242 	2593.640 	2921.491 	-28.537 	98.683 	106.555 	
276.462 	-690.996 	247.613 	-5.758 	-0.654 	-14.494 	
346.984 	-986.243 	36.225 	-13.979 	-35.699 	-22.090 	
1646.454 	-570.223 	701.817 	75.877 	-23.818 	35.439 	
-1115.549 	-1652.007 	-2564.745 	-38.397 	-57.407 	-87.679 	
-1502.160 	-2205.779 	756.348 	-43.302 	-72.553 	24.288 	
2044.349 	-810.531 	1255.813 	65.635 	-27.230 	26.964 	
2128.397 	-1020.329 	485.710 	56.990 	-44.915 	14.708 	
6326.422 	4399.525 	-4529.749 	232.072 	165.304 	-166.959 	
495.011 	-1096.495 	-117.569 	14.250 	-9.040 	-2.020 	
319.229 	-998.037 	-410.848 	-21.332 	-43.700 	-10.819 	
89.311 	-832.288 	-98.762 	6.094 	13.416 	24.087 	
432.979 	-1064.065 	-115.441 	-33.548 	-45.078 	32.270 	
901.042 	-1047.872 	3134.479 	35.074 	-36.724 	113.560 	
434.828 	-1286.220 	39.495 	2.500 	-43.933 	25.356 	
357.625 	-1021.833 	34.848 	-2.175 	-22.888 	-18.188 	
373.946 	-949.445 	-16.929 	-27.222 	-21.528 	20.134 	
381.773 	-977.083 	36.333 	-149.031 	22.821 	7.554 	
441.323 	-1027.353 	530.465 	22.175 	-43.744 	-15.965 	
2877.789 	-3105.690 	-1831.347 	115.039 	-126.425 	-70.104 	
425.740 	-1091.922 	85.155 	-22.578 	-20.293 	17.633 	
1965.146 	390.659 	-6143.103 	75.679 	18.272 	-236.525 	
443.367 	-1093.268 	-22.548 	5.890 	-22.322 	-4.849 	
422.378 	-949.972 	31.661 	1.849 	-14.202 	-25.796 	
278.152 	-1115.648 	38.810 	-26.137 	-3.137 	-1.672 	
332.460 	-1123.811 	-23.105 	7.194 	-48.073 	23.872 	
596.003 	-1110.934 	-300.456 	15.661 	-59.854 	-42.596 	
353.749 	-1281.060 	205.183 	-7.189 	-49.075 	-23.339 	
958.039 	-983.942 	213.963 	15.066 	-75.617 	16.180 	
489.911 	-1189.888 	130.198 	-29.255 	-25.974 	-1.957 	
504.146 	-1358.232 	13.522 	-17.764 	-45.030 	-16.181 	
334.774 	-1210.294 	76.301 	-19.044 	-51.742 	-24.817 	
605.284 	-1154.575 	-155.516 	1.509 	-90.073 	-10.208 	
4441.666 	7590.519 	-21372.882 	161.205 	284.943 	-794.108 	
5941.397 	5783.519 	8061.724 	315.221 	338.190 	451.255 	
78143.280 	76012.877 	50509.133 	3524.493 	3436.754 	2283.342 	
-246925.773 	-59784.987 	-62355.837 	-8113.918 	-1963.481 	-2050.511 	
1195.996 	-956.104 	-83.994 	38.714 	-68.383 	-15.834 	
-132.135 	-316.853 	181.751 	-12.380 	36.699 	-8.871 	
210.380 	-810.081 	-83.721 	2.574 	-56.404 	-70.399 	
-161.234 	-801.097 	-40.885 	2.376 	-4.847 	-9.176 	
231.639 	-693.179 	-58.822 	-1.402 	-18.583 	-27.570 	
178.655 	-528.715 	216.574 	4.324 	-26.534 	6.223 	
-8354.834 	1489.293 	2612.304 	-285.897 	46.369 	81.003 	
-1534.440 	-7753.241 	-1876.912 	-81.825 	-274.567 	-72.424 	
1507.030 	-6390.326 	2181.658 	27.064 	-222.241 	78.760 	
46.565 	-668.844 	-119.047 	18.221 	0.942 	-30.335 	
425.629 	-1183.963 	-247.235 	26.996 	-65.425 	-3.684 	
306.464 	-737.157 	-173.222 	-1.173 	-23.156 	10.590 	
315.884 	-582.608 	-204.661 	-16.313 	-11.277 	-19.249 	
304.286 	-773.353 	-53.890 	12.955 	-26.101 	-15.248 	
159.911 	-623.368 	-74.721 	-15.653 	8.460 	-26.258 	
408.202 	-211.985 	-446.258 	-27.178 	-36.063 	3.953 	
-1553.009 	-1010.797 	689.977 	-177.238 	-43.870 	58.083 	
70.925 	-638.226 	-152.671 	4.452 	-0.441 	23.441 	
284.512 	-609.561 	-27.769 	47.075 	-11.439 	1.041 	
274.051 	-543.002 	258.452 	21.699 	1.339 	-22.462 	
48.419 	-478.909 	-48.505 	25.342 	0.133 	-38.385 	
301.702 	-422.967 	502.840 	29.522 	58.418 	112.922 	
320.583 	-414.232 	87.893 	7.565 	10.250 	16.992 	
-7852.822 	-68510.601 	3808.705 	-420.621 	-3386.433 	193.186 	
421.120 	-265.647 	8.853 	14.756 	7.846 	0.965 	
352.804 	-244.240 	-19.045 	-1.113 	4.346 	2.115 	
305.799 	-1087.061 	27.270 	-51.717 	27.283 	-18.296 	
478.130 	-742.564 	115.434 	16.549 	-10.563 	-15.079 	
-403.577 	-3938.913 	-220.122 	-41.843 	-147.472 	-13.386 	
1309.756 	1201.859 	-914.691 	12.958 	33.088 	-25.267 	
5662.888 	-6383.037 	2679.037 	191.024 	-232.031 	100.153 	
478.277 	-744.906 	-31.642 	12.989 	-21.946 	42.107 	
373.598 	-405.450 	134.388 	27.440 	5.672 	-6.735 	
226.982 	-575.131 	-23.823 	19.834 	-28.231 	57.104 	
3473.230 	-2606.464 	1800.978 	86.576 	-77.427 	55.288 	
-141.188 	-990.836 	-464.299 	-3.316 	-1.994 	-28.375 	
1268.623 	2993.760 	4978.680 	26.785 	131.239 	195.895 	
353.945 	-830.603 	-123.722 	7.231 	-39.121 	17.849 	
-1913.022 	-3716.323 	3761.349 	-84.854 	-116.436 	119.026 	
210.437 	-438.393 	29.952 	-6.699 	-5.437 	-11.718 	
13.379 	-470.810 	-119.630 	31.185 	-10.470 	-4.265 	
194.271 	-289.170 	-14.181 	26.853 	37.125 	17.888 	
360.278 	-546.108 	270.112 	28.360 	-2.311 	21.002 	
-1335.079 	-1309.315 	-705.834 	-67.566 	-30.690 	-23.417 	
1440.693 	-1969.456 	-3306.308 	109.035 	-125.110 	-286.046 	
3247.182 	1139.622 	1037.027 	101.969 	55.845 	39.038 	
318.225 	-2817.159 	-1061.731 	-17.062 	-80.399 	-28.722 	
-42.248 	-519.668 	-78.215 	16.559 	-0.875 	21.487 	
354.272 	-769.985 	-169.006 	-9.175 	-58.919 	-10.324 	
1494.179 	-1705.256 	58.838 	20.725 	-48.283 	1.036 	
-70.362 	-272.308 	-786.696 	-23.806 	30.472 	-65.286 	
326.479 	-475.672 	95.682 	-3.567 	5.848 	-9.989 	
-5130.828 	9412.548 	-794.765 	-223.749 	372.860 	-32.815 	
1433.674 	-2324.955 	1695.235 	73.330 	-111.800 	105.186 	
674.171 	-847.796 	32.532 	3.743 	-38.184 	-5.369 	
3.666 	-668.496 	83.891 	20.782 	28.650 	21.309 	
1268.668 	348.505 	-3062.706 	145.902 	126.058 	-413.800 	
1678.584 	-563.124 	-870.839 	128.142 	-3.701 	-84.250 	
469.838 	-748.188 	-148.166 	27.799 	-22.750 	15.368 	
-40.198 	-537.431 	-39.880 	25.434 	3.676 	32.676 	
581.377 	562.975 	-25.607 	22.309 	92.332 	-9.180 	
-393.359 	-2273.924 	-1847.777 	-40.467 	-73.768 	-68.649 	
237.105 	-698.424 	-14.235 	-24.215 	-25.962 	15.519 	
321.614 	-1806.854 	33.491 	-12.838 	-42.632 	-3.423 	
339.564 	-196.837 	-590.758 	-9.427 	11.933 	-13.039 	
-13586.957 	-13343.488 	-58173.340 	-1217.648 	-1122.847 	-5126.222 	
-632.009 	912.647 	-482.538 	-16.686 	33.403 	-18.768 	
218.461 	-1070.703 	98.142 	37.506 	-66.646 	2.763 	
201.265 	-594.547 	58.833 	11.097 	6.225 	-4.853 	
-61.573 	-773.368 	1463.721 	-29.681 	-17.523 	29.147 	
35.912 	-413.689 	194.677 	6.771 	12.508 	5.419 	
289.343 	-624.668 	-66.559 	61.057 	-19.873 	-6.476 	
145.157 	-530.535 	439.088 	3.346 	1.757 	37.682 	
122.862 	-637.454 	95.848 	-23.543 	-1.738 	-4.940 	
266.695 	-627.111 	-27.155 	-12.930 	-22.717 	-6.733 	
266.220 	-296.322 	41.712 	14.885 	-5.277 	11.649 	
-130.085 	752.613 	-67.375 	-24.247 	114.195 	-5.294 	
5599.790 	690.433 	-6056.234 	409.843 	98.326 	-455.785 	
161.059 	-616.448 	-76.851 	49.216 	-19.103 	-16.260 	
200.194 	-495.148 	-60.726 	40.898 	12.440 	4.759 	
-25.698 	-573.280 	-78.248 	24.808 	18.642 	-34.021 	
302.774 	-850.009 	-40.126 	-28.539 	-77.786 	6.479 	
259.596 	-666.566 	114.656 	40.675 	-46.944 	22.033 	
3242.719 	130.753 	-197.675 	100.474 	12.493 	-9.405 	
-635.132 	-3554.855 	-660.001 	-49.584 	-134.422 	-23.284 	
109.728 	-577.621 	-60.036 	24.771 	-19.734 	-5.906 	
189.140 	-581.887 	32.339 	-16.455 	-19.516 	-10.996 	
447.250 	-1054.097 	61.820 	-46.060 	-80.118 	24.962 	
117.645 	-513.357 	51.603 	-0.606 	-19.563 	24.014 	
241.828 	-523.788 	-40.520 	-31.078 	-37.407 	14.100 	
479.282 	-1505.522 	2001.131 	-2.801 	-49.813 	90.558 	
183.217 	-718.404 	116.868 	-9.319 	-42.223 	-28.114 	
1116.540 	-1106.297 	4.544 	50.751 	-22.269 	3.023 	
-2773.757 	2515.197 	-2261.063 	-128.343 	98.305 	-79.193 	
305.352 	-769.570 	-46.038 	8.609 	-43.860 	-60.530 	
235.565 	-716.792 	50.886 	-13.751 	-51.950 	20.085 	
-44.979 	-819.145 	118.127 	-5.520 	-23.809 	-17.237 	
182.056 	-723.504 	8.948 	54.330 	-42.032 	-13.358 	
453.241 	-687.962 	-241.888 	25.978 	-22.558 	-1.999 	
-1042.028 	-507.881 	1220.011 	-64.398 	-1.005 	48.389 	
353.889 	-659.671 	50.802 	8.247 	-7.506 	-7.805 	
261.726 	-633.286 	-89.597 	-16.884 	-33.556 	10.733 	
-323.958 	-1843.249 	-591.230 	-24.062 	-46.208 	-12.087 	
871.395 	-243.356 	-491.562 	48.170 	22.504 	-41.928 	
-427.478 	-491.208 	27.103 	-8.615 	-13.791 	-12.368 	
310.079 	-600.130 	41.185 	-11.336 	5.703 	-25.970 	
264.382 	-540.289 	83.008 	-62.830 	46.521 	8.919 	
195.998 	-582.204 	61.420 	1.357 	-44.868 	4.823 	
504.543 	-779.705 	-59.915 	-0.871 	-22.190 	-18.183 	
431.078 	-4225.014 	-5780.072 	-6.238 	-154.709 	-230.076 	
107.069 	-682.260 	-36.933 	-36.974 	-39.598 	3.252 	
-6931.308 	3503.233 	-4765.594 	-286.788 	143.127 	-181.576 	
305.685 	-418.084 	-308.062 	-7.735 	-2.833 	-32.406 	
508.891 	-665.036 	54.481 	35.921 	-39.351 	9.829 	
-301.151 	-1726.689 	2985.366 	-66.043 	-154.041 	402.094 	
376.150 	-406.581 	130.934 	-5.153 	-46.318 	19.799 	
427.703 	-719.830 	-58.449 	10.679 	-15.795 	2.261 	
205.262 	-571.854 	17.189 	54.893 	-9.630 	-5.781 	
354.686 	-394.621 	-21.794 	-4.509 	15.496 	-39.448 	
-223.437 	-822.675 	-338.393 	-7.085 	10.224 	4.308 	
1267.687 	2367.290 	-2132.476 	30.475 	116.077 	-97.268 	
157.281 	-600.692 	97.109 	6.381 	-35.429 	-4.322 	
7694.063 	-3386.645 	-1859.069 	216.990 	-105.376 	-57.719 	
-5459.346 	-12446.017 	15674.080 	-462.963 	-943.830 	1249.504 	
263.820 	-643.821 	124.261 	-8.266 	-17.706 	-2.226 	
-313.450 	-753.480 	272.526 	-21.134 	-10.467 	5.558 	
-144.654 	-762.054 	-461.999 	-34.347 	-21.377 	-30.593 	
534.121 	-981.371 	75.501 	-8.712 	-57.231 	-3.716 	
235.238 	-433.503 	176.117 	-10.728 	-20.665 	5.749 	
-3902.573 	-1473.902 	-1201.462 	-141.449 	-43.242 	-31.728 	
2954.246 	10838.289 	-10305.661 	71.584 	352.763 	-335.005 	
1254.673 	134.847 	-2062.401 	19.360 	2.078 	-62.243 	
227.592 	-633.578 	-77.417 	18.535 	-39.866 	-0.861 	
-453.390 	-513.123 	3.954 	-0.687 	-3.282 	7.380 	
-278.068 	-473.622 	-245.292 	-13.708 	-1.209 	-0.054 	
389.228 	-409.127 	-73.261 	30.175 	-10.229 	26.540 	
221.007 	-772.809 	167.409 	27.284 	-42.769 	-5.209 	
435.278 	-704.640 	-24.737 	8.687 	-56.131 	17.918 	
216.798 	-723.125 	-17.633 	-32.659 	2.437 	-5.508 	
275.365 	-455.551 	77.193 	32.286 	-11.634 	20.627 	
485.126 	-817.983 	-152.342 	17.099 	-40.333 	-23.447 	
386.577 	-784.434 	-45.156 	-20.608 	-36.209 	-2.708 	
2220.082 	-368.651 	2437.730 	67.037 	-6.093 	101.499 	
139.006 	-1744.907 	-381.283 	-6.772 	-24.558 	3.078 	
542.072 	4876.160 	-408.689 	-5.906 	190.199 	-19.124 	
2050.439 	-444.450 	-2093.358 	36.022 	-11.825 	-64.150 	
138.928 	-537.212 	75.556 	13.060 	-65.850 	7.695 	
335.087 	-756.063 	240.376 	23.997 	26.437 	35.251 	
263.219 	-696.961 	78.922 	19.566 	-27.899 	13.689 	
222.110 	-760.518 	62.682 	19.498 	-66.452 	13.763 	
91.171 	-645.454 	-311.268 	5.180 	-5.601 	-7.618 	
132.496 	-644.446 	-90.522 	15.584 	8.579 	-17.895 	
106.133 	-760.263 	-4.935 	-0.269 	-22.129 	-18.988 	
249.618 	-96.607 	-320.362 	14.100 	10.793 	-31.417 	
-3247.598 	1701.031 	-2266.011 	-236.825 	153.829 	-155.633 	
-19.638 	-494.344 	-27.292 	-7.180 	-16.736 	-7.205 	
397.839 	-581.645 	-62.211 	-8.231 	-31.437 	-8.464 	
45.934 	-668.712 	63.549 	-14.170 	-39.821 	26.614 	
-13.101 	-409.674 	-177.435 	14.707 	26.778 	-28.881 	
180.229 	-564.248 	111.999 	-7.422 	28.334 	-11.599 	
110.137 	-249.459 	-64.847 	-4.500 	3.954 	-25.275 	
446.315 	-489.772 	-45.480 	-0.889 	-3.814 	-12.937 	
96.743 	-978.389 	30.224 	-11.344 	33.033 	6.307 	
42.485 	-706.889 	-119.109 	-27.334 	-37.237 	37.472 	
-325.430 	-552.935 	2013.137 	-35.733 	-7.948 	71.823 	
3896.477 	-10457.331 	2622.236 	125.555 	-395.602 	99.331 	
-1868.722 	-3427.992 	3186.697 	-107.137 	-139.333 	142.646 	
299.524 	-704.553 	-71.563 	-14.102 	-13.539 	-25.744 	
930.192 	-829.961 	455.648 	-12.543 	-17.082 	0.772 	
451.455 	-1215.700 	-71.108 	-30.165 	-78.942 	-18.929 	
395.063 	-709.841 	44.788 	44.798 	4.352 	-30.680 	
147.203 	-528.264 	-210.614 	2.739 	-59.361 	2.062 	
440.077 	-491.878 	-7.084 	33.738 	-13.307 	25.451 	
615.039 	-1248.854 	0.630 	-26.047 	-84.198 	-13.751 	
284.912 	-539.674 	-257.949 	34.292 	-5.157 	-2.369 	
-825.669 	-43.311 	4027.907 	-87.556 	41.348 	348.863 	
13473.754 	12705.848 	57357.542 	1164.823 	1170.579 	5045.314 	
-905.227 	-106.283 	273.115 	-130.754 	67.847 	23.555 	
1880.606 	-3374.169 	835.857 	100.669 	-180.578 	52.710 	
561.733 	-1133.644 	-49.590 	-40.701 	-78.716 	-12.263 	
285.762 	-740.062 	-62.371 	-34.869 	-37.045 	14.588 	
861.308 	-1060.056 	100.182 	42.616 	-31.481 	14.888 	
410.014 	-1413.044 	-820.203 	-12.144 	-31.147 	-20.087 	
282.883 	-690.346 	118.141 	-13.993 	-50.202 	24.806 	
760.240 	-1046.263 	-2919.065 	1.938 	-25.186 	-105.322 	
31.352 	-576.023 	-138.300 	38.085 	2.573 	-7.892 	
413.587 	-1012.913 	7.216 	1.638 	-58.293 	2.745 	
301.186 	-905.555 	-103.505 	-36.767 	-63.917 	-6.479 	
231.231 	-567.495 	35.381 	25.075 	-51.633 	-10.852 	
-2.667 	-1300.168 	-72.914 	-8.134 	-10.188 	-4.393 	
-3325.880 	-6206.638 	4725.569 	-152.760 	-230.359 	183.968 	
95.664 	-521.103 	150.662 	39.768 	11.207 	-24.002 	
184.940 	-822.612 	25.161 	1.734 	-63.945 	8.768 	
4468.171 	964.213 	-30.090 	121.739 	29.858 	-1.323 	
165.241 	-1145.763 	-101.892 	13.056 	-37.258 	-3.167 	
547.846 	-600.549 	-194.432 	28.882 	-18.597 	2.198 	
-410.874 	-3772.076 	-451.559 	-56.605 	-258.447 	-31.024 	
84.202 	-967.482 	-210.431 	-26.929 	-57.156 	-54.464 	
375.547 	-706.891 	-117.457 	-3.157 	-48.303 	2.726 	
49.663 	-842.024 	-18.196 	-4.844 	-26.253 	-23.280 	
153.321 	-665.193 	-70.247 	-6.628 	-40.001 	34.041 	
225.696 	-690.201 	-153.896 	1.176 	-13.649 	-30.885 	
-1067.167 	-1435.430 	-346.406 	-37.561 	-26.506 	-6.329 	
479.750 	-323.150 	-218.933 	20.935 	9.094 	-15.196 	
606.401 	-1705.453 	824.477 	-12.623 	-30.781 	18.866 	
218.144 	-615.737 	197.850 	-15.565 	-32.048 	30.289 	
538.335 	-888.733 	33.161 	38.293 	-42.983 	-5.036 	
218.398 	-858.724 	220.757 	22.068 	-45.032 	-21.474 	
2.467 	-800.873 	290.489 	-6.922 	-42.994 	41.665 	
145.025 	-919.273 	-156.854 	-7.712 	-8.283 	16.030 	
-6360.239 	-11933.435 	9577.335 	-231.378 	-387.572 	311.290 	
2609.543 	737.407 	-1166.976 	71.537 	35.400 	-41.587 	
395.550 	-693.810 	79.558 	44.185 	-78.599 	5.503 	
796.725 	-1137.027 	950.829 	19.501 	-27.787 	42.071 	
-253.742 	566.035 	6.647 	-49.718 	121.473 	5.581 	
561.048 	-863.474 	76.558 	-4.967 	-62.242 	-7.238 	
-287.689 	189.902 	-440.266 	-28.679 	37.612 	-22.053 	
7160.381 	6904.387 	-5341.340 	266.724 	296.307 	-219.071 	
195.370 	-557.403 	12.725 	-11.413 	-51.976 	-40.910 	
457.699 	-554.830 	-215.265 	-10.983 	-12.527 	-30.441 	
452.327 	-3921.522 	3854.963 	-8.801 	-137.312 	152.471 	
327.042 	-864.837 	-210.377 	49.747 	-28.395 	-7.794 	
280.245 	-881.485 	66.789 	1.578 	-57.151 	-0.542 	
455.630 	-812.286 	99.264 	4.116 	-51.006 	-24.177 	
50.376 	-231.265 	-172.110 	-10.467 	21.096 	-13.690 	
-7808.722 	-9673.112 	9090.519 	-344.277 	-380.497 	370.273 	
580.343 	-784.555 	291.328 	24.392 	-19.239 	4.790 	
275.226 	-663.343 	154.672 	29.442 	-21.162 	15.666 	
463.456 	-660.506 	179.907 	48.891 	4.528 	20.597 	
69.762 	-670.751 	-7.899 	12.721 	-8.316 	-14.459 	
-21897.762 	39537.540 	4508.736 	-1387.946 	2495.538 	279.994 	
5465.980 	11625.687 	-15628.728 	405.145 	968.703 	-1237.563 	
-2063.225 	-4167.247 	-527.534 	-112.396 	-166.430 	-28.785 	
4.908 	-1141.996 	-74.497 	-14.114 	-81.434 	-15.138 	
1317.071 	3515.791 	-134.831 	83.194 	329.640 	-5.777 	
345.947 	-478.984 	171.605 	-5.026 	-16.153 	-22.524 	
1514.386 	-4439.650 	-122.014 	31.110 	-139.390 	-7.609 	
-88.788 	-661.175 	57.496 	16.467 	21.668 	22.198 	
10487.398 	65088.236 	-4177.470 	491.998 	3261.662 	-204.209 	
-100.639 	-638.042 	98.420 	24.031 	12.011 	6.561 	
415.531 	-1115.261 	58.998 	12.683 	-60.559 	-23.088 	
2181.386 	-2008.998 	-1799.481 	80.952 	-71.791 	-85.569 	
246.976 	-409.890 	-155.179 	29.404 	-3.196 	17.210 	
398.639 	-710.484 	-130.740 	28.047 	-27.926 	8.117 	
1771.599 	1207.437 	-3467.869 	57.783 	70.586 	-158.658 	
202.673 	-536.644 	-167.278 	1.134 	-25.820 	-1.338 	
-129.932 	-1635.124 	331.977 	-12.484 	-45.505 	9.947 	
-5074.613 	-2272.626 	6222.226 	-397.699 	-125.845 	472.823 	
670.329 	-732.999 	-1499.117 	57.520 	-18.032 	-175.406 	
22284.776 	-40835.316 	-3240.974 	1359.768 	-2502.887 	-201.952 	
-48.349 	-871.837 	-65.673 	20.883 	-31.322 	6.606 	
