## Las primeras 200 lineas corresponden a la esfera 1 
##las siguienets 250 lineas a la esfera 2
## Las primeras tres columnas corresponden a la posición en 'x', 'y' y 'z', dadas en kpc, las siguientes tres a las velocidades, dadas en km/s
230.336 	-831.555 	-11.457 	-44.833 	-30.446 	40.534 	
456.351 	-1002.364 	-23.015 	46.090 	-84.639 	-2.523 	
232.560 	-790.104 	-300.432 	-16.523 	-3.371 	29.626 	
142.137 	-517.492 	72.420 	19.163 	57.311 	18.906 	
541.777 	-1346.935 	-41.428 	13.223 	-33.971 	5.257 	
247.217 	-1269.520 	124.949 	-42.892 	-33.876 	17.123 	
334.183 	-510.180 	-206.044 	14.698 	-18.306 	-9.287 	
366.451 	-1075.267 	80.815 	-35.279 	-48.712 	-22.326 	
472.410 	-1287.198 	-62.419 	10.923 	-42.915 	23.653 	
215.470 	-1128.229 	-48.444 	-23.188 	-29.414 	-17.483 	
-430.273 	-392.742 	-554.646 	10.719 	-8.260 	-6.025 	
-712.077 	-3408.883 	-3344.085 	-22.226 	-98.418 	-95.549 	
374.842 	-999.343 	84.016 	-18.261 	-42.141 	21.906 	
403.706 	-1131.218 	157.144 	-2.288 	-25.888 	-2.134 	
254.244 	-1218.749 	-24.850 	-43.979 	-36.846 	42.424 	
1268.701 	882.031 	-3294.939 	51.258 	52.770 	-161.217 	
228.500 	-1077.609 	-36.378 	-57.969 	-48.719 	10.515 	
995.706 	-1202.181 	305.460 	25.288 	-81.314 	28.671 	
467.288 	-892.200 	-1822.125 	1.222 	-37.831 	-97.239 	
300.927 	-1244.641 	-299.892 	3.507 	-130.940 	-135.949 	
-1549.253 	-491.964 	1176.463 	-48.206 	-21.191 	38.866 	
470.220 	-895.932 	-83.169 	-10.072 	8.152 	-13.578 	
1605.610 	-1549.996 	110.829 	39.431 	-61.786 	9.070 	
16.575 	-836.644 	-143.730 	4.392 	-16.118 	-9.407 	
724.134 	-1363.177 	49.361 	-10.014 	-76.347 	17.099 	
451.103 	-1153.081 	-83.309 	-59.913 	-45.962 	-9.649 	
392.411 	-1139.089 	66.978 	20.711 	-32.997 	6.175 	
375.462 	-952.613 	27.278 	-16.309 	-39.914 	11.479 	
1922.892 	-4565.793 	2505.818 	71.164 	-163.903 	90.058 	
-3346.711 	-8368.926 	-8953.395 	-194.978 	-432.492 	-477.395 	
268.897 	-1080.693 	17.073 	6.836 	-48.925 	11.085 	
566.248 	-1279.958 	-136.176 	-21.094 	-33.088 	-6.393 	
414.667 	-1246.504 	80.312 	-50.590 	-74.329 	31.357 	
-3153.101 	-8812.482 	-3896.093 	-101.929 	-287.934 	-127.380 	
632.446 	-1915.303 	3331.955 	20.038 	-85.637 	163.944 	
783.892 	-1477.663 	225.294 	4.245 	-57.814 	2.850 	
191.595 	-850.675 	228.488 	-47.281 	60.243 	112.571 	
160.028 	-537.002 	-113.484 	5.048 	9.982 	-14.483 	
-71.647 	-615.556 	71.502 	-14.332 	9.603 	-12.846 	
430.223 	-1323.107 	17.264 	-33.324 	-41.958 	26.439 	
188.688 	-1134.513 	-20.938 	-19.914 	-38.946 	23.666 	
249.737 	-924.559 	-43.340 	-28.540 	-2.098 	15.947 	
94.505 	-511.561 	-111.378 	-12.436 	26.755 	-10.144 	
341.790 	-1039.968 	62.670 	-64.269 	-27.917 	-4.843 	
387.239 	-1165.868 	-372.241 	-25.716 	-56.343 	2.390 	
1244.779 	-993.858 	-38.422 	17.066 	-62.169 	2.211 	
3951.122 	3520.344 	1147.428 	131.653 	113.960 	37.889 	
763.979 	-1503.222 	-226.005 	-1.165 	-86.548 	-14.842 	
330.097 	-1044.387 	66.799 	-7.024 	-26.804 	82.552 	
3907.600 	-2984.918 	354.074 	135.285 	-110.248 	20.662 	
671.338 	-1260.350 	-264.550 	5.117 	-78.821 	-26.441 	
393.161 	-6577.526 	-5509.819 	12.068 	-204.953 	-169.105 	
481.381 	-1879.027 	-29.340 	-7.700 	-77.549 	-0.875 	
436.804 	-1248.769 	-9.451 	-2.025 	-17.374 	-25.821 	
337.914 	479.303 	-628.408 	13.072 	8.907 	-18.546 	
-3958.982 	-11195.343 	21534.291 	-146.632 	-400.906 	777.181 	
104.002 	-955.557 	-161.614 	-24.828 	-35.991 	9.987 	
442.184 	-979.147 	-63.264 	-2.908 	-32.074 	9.413 	
5598.598 	3275.302 	-3605.190 	193.597 	111.762 	-123.198 	
416.937 	-1243.601 	223.872 	-20.850 	-39.851 	-6.831 	
-143.066 	157.576 	1021.460 	4.929 	-2.958 	24.063 	
622.435 	-1215.788 	30.712 	-29.489 	-43.298 	30.795 	
-51.430 	751.546 	-993.259 	9.336 	13.820 	-24.147 	
258.224 	-1211.413 	-38.261 	-5.809 	-38.940 	-21.606 	
261.008 	-828.977 	193.237 	16.280 	4.936 	-11.368 	
105.224 	-719.537 	-70.275 	-4.481 	25.487 	-15.002 	
414.369 	-1175.369 	-182.691 	-25.058 	-26.310 	2.138 	
104.709 	-1533.547 	121.121 	-22.403 	-26.294 	0.354 	
-8431.633 	602.699 	-2833.361 	-267.143 	19.190 	-88.851 	
164.588 	-1104.444 	90.540 	-13.794 	-42.565 	-4.007 	
6975.022 	-1630.539 	7385.735 	220.823 	-51.527 	234.028 	
315.992 	-1070.675 	-183.558 	-21.611 	-41.848 	15.069 	
-191.677 	-411.631 	242.697 	-39.752 	13.176 	56.461 	
374.252 	-1017.301 	57.335 	-19.571 	-11.804 	16.629 	
372.227 	-952.856 	36.196 	10.589 	-1.506 	-27.690 	
416.399 	-944.124 	29.116 	31.127 	-37.526 	-16.722 	
166.277 	-649.081 	-354.212 	34.397 	-41.887 	25.053 	
646.320 	-701.692 	-24.711 	-13.587 	-65.077 	-19.302 	
124.673 	-386.148 	-37.614 	19.485 	18.090 	-2.887 	
330.814 	-1044.003 	64.054 	7.105 	-24.982 	-30.352 	
315.172 	-879.805 	5.955 	-16.440 	-1.172 	-11.805 	
207.623 	-970.965 	-75.532 	12.699 	7.180 	15.458 	
490.699 	-1076.851 	72.206 	-35.460 	-24.415 	-3.074 	
135.438 	-691.050 	-124.015 	-16.725 	1.629 	21.858 	
4943.800 	-4529.478 	1267.987 	186.691 	-174.178 	55.467 	
769.552 	-1383.372 	-83.507 	-19.995 	-85.184 	-1.616 	
188.610 	-246.480 	-2248.871 	12.878 	-7.076 	-59.688 	
391.186 	-1154.945 	119.896 	-4.926 	-17.617 	-52.496 	
134.794 	-879.279 	522.282 	-26.070 	-25.408 	26.540 	
854.296 	-800.080 	10.660 	0.657 	-66.633 	-20.052 	
453.431 	4186.316 	4193.992 	5.271 	307.837 	289.906 	
369.102 	-1019.258 	29.626 	-54.022 	-43.553 	53.313 	
286.135 	-679.802 	-124.009 	24.228 	17.053 	5.816 	
-435.983 	-243.672 	-908.875 	6.831 	-14.874 	-20.019 	
333.955 	-982.397 	41.880 	-36.792 	-35.908 	-39.281 	
284.069 	-1205.781 	-93.720 	-22.565 	-20.730 	22.849 	
369.661 	-1106.672 	-101.511 	-33.793 	-5.283 	-28.015 	
459.550 	-5903.496 	-3443.438 	5.550 	-384.582 	-233.644 	
432.128 	-1005.550 	64.324 	-35.711 	-3.241 	-18.119 	
-57.744 	-1433.883 	162.948 	-81.927 	-87.501 	25.741 	
383.804 	-1116.885 	32.998 	-31.240 	-42.750 	-12.127 	
684.183 	-1080.689 	-126.109 	-13.339 	-92.381 	-2.655 	
416.038 	-1233.801 	-231.446 	-19.193 	-58.100 	-26.839 	
471.292 	-1316.210 	109.302 	-15.966 	-66.360 	4.701 	
695.062 	-534.182 	-241.866 	43.481 	71.834 	-42.177 	
639.714 	-1219.387 	158.568 	-34.430 	-68.395 	23.207 	
232.733 	-492.501 	-54.422 	12.737 	10.113 	-17.332 	
-610.831 	6362.176 	742.864 	-20.845 	190.012 	23.155 	
622.982 	-793.854 	-27.291 	54.810 	-9.555 	-6.942 	
388.993 	-1155.320 	123.912 	-48.962 	-20.258 	3.196 	
1025.410 	-712.216 	-106.733 	22.181 	-63.056 	0.781 	
264.759 	-1989.309 	165.940 	-26.910 	-247.589 	56.223 	
140.805 	-731.532 	-10.896 	20.986 	16.470 	25.448 	
914.839 	-1229.960 	132.519 	2.288 	-66.707 	18.612 	
915.001 	3266.727 	3957.831 	34.161 	131.022 	159.223 	
454.424 	-1422.291 	-77.317 	-11.321 	-53.615 	2.357 	
446.322 	-1480.501 	151.608 	-24.626 	-73.472 	-3.113 	
-2351.270 	2239.924 	833.464 	-91.038 	81.284 	34.433 	
411.654 	-1021.875 	-53.752 	37.857 	-86.251 	26.482 	
218.581 	-613.898 	84.030 	14.714 	45.301 	16.183 	
169.958 	-270.316 	-210.240 	12.419 	24.533 	6.644 	
254673.856 	61776.846 	58797.499 	8125.859 	1972.107 	1874.604 	
274.697 	-966.088 	178.701 	-39.282 	-36.324 	-11.475 	
419.547 	-1084.870 	144.227 	-52.698 	-64.594 	-15.683 	
386.531 	-1071.366 	138.792 	-35.860 	-58.040 	16.906 	
365.017 	-1204.203 	-195.610 	-56.368 	-80.195 	-20.907 	
296.883 	-995.491 	18.776 	3.202 	-10.924 	-0.517 	
1022.490 	1663.052 	-1817.997 	32.129 	44.324 	-47.365 	
26.944 	-854.980 	-118.186 	3.446 	-4.972 	-16.905 	
319.943 	-860.453 	12.758 	-14.269 	-32.239 	-7.705 	
337.789 	-1076.949 	-16.957 	-31.404 	-16.426 	11.902 	
804.138 	445.427 	-1448.977 	30.238 	7.024 	-33.235 	
2689.057 	1084.975 	3258.673 	91.651 	36.764 	111.398 	
274.703 	-1397.434 	119.014 	-14.781 	-55.130 	-19.436 	
-77.523 	403.089 	-188.579 	-0.349 	2.242 	-1.634 	
344.966 	-1229.372 	209.914 	-10.632 	-43.069 	39.313 	
438.180 	-1126.943 	2.919 	-31.251 	-34.612 	23.402 	
251.695 	-1180.652 	-20.381 	-41.145 	-53.722 	8.337 	
-580.530 	-841.961 	1240.497 	-2.787 	-23.873 	25.438 	
138.123 	-1199.105 	66.688 	-20.724 	-52.214 	11.471 	
1672.527 	-2064.353 	-853.846 	85.059 	-101.755 	-49.959 	
-7093.966 	-5995.377 	5865.052 	-257.849 	-213.740 	211.589 	
405.994 	-1203.097 	-19.412 	-8.161 	-27.682 	-23.039 	
639.237 	-1167.094 	-157.271 	-26.541 	-49.985 	6.221 	
344.070 	-380.141 	-130.179 	-14.678 	152.134 	-13.527 	
-78789.807 	-78267.688 	-52875.478 	-3418.741 	-3387.972 	-2289.171 	
359.711 	-261.385 	1602.903 	-1.959 	-4.762 	75.375 	
66.641 	-1432.891 	-550.093 	-18.803 	-63.790 	-11.889 	
1566.594 	-2049.118 	-4364.928 	54.120 	-68.589 	-152.538 	
310.838 	-1375.499 	84.776 	-39.819 	-41.634 	14.744 	
603.085 	-1394.039 	-10.971 	-32.093 	-71.372 	16.023 	
373.503 	-1112.490 	-56.563 	9.191 	-16.520 	6.129 	
-268.495 	-486.954 	-4.422 	-9.925 	23.471 	-17.751 	
4441.276 	8365.995 	5819.020 	146.386 	273.723 	190.283 	
362.415 	-937.831 	-160.951 	-37.215 	-85.149 	-0.026 	
339.444 	-1053.582 	166.056 	-13.918 	-95.108 	15.260 	
930.589 	1603.217 	-1244.784 	25.406 	39.345 	-31.638 	
384.913 	-1035.763 	18.797 	-2.168 	-60.329 	-17.696 	
-2674.770 	2632.292 	2075.611 	-80.512 	76.634 	63.216 	
388.304 	-466.689 	-289.908 	50.857 	-0.642 	-20.625 	
428.076 	-1385.133 	39.068 	-28.080 	-97.106 	7.279 	
364.721 	-1304.299 	72.196 	-17.414 	-33.660 	-23.128 	
-766.480 	2684.377 	3019.471 	-28.520 	98.632 	106.511 	
271.077 	-691.924 	231.118 	-5.949 	-1.373 	-21.419 	
338.873 	-1019.708 	16.824 	-4.257 	-37.996 	-18.552 	
1716.035 	-592.180 	734.296 	75.441 	-23.927 	35.196 	
-1150.829 	-1704.787 	-2645.325 	-38.322 	-57.368 	-87.551 	
-1541.904 	-2272.445 	778.650 	-43.124 	-72.418 	24.211 	
2104.607 	-835.579 	1280.530 	65.403 	-27.238 	26.786 	
2180.644 	-1061.625 	499.193 	56.629 	-44.885 	14.613 	
6539.856 	4551.552 	-4683.300 	232.059 	165.292 	-166.949 	
505.762 	-1104.484 	-116.902 	9.093 	-8.363 	3.118 	
299.695 	-1037.866 	-419.096 	-21.140 	-42.926 	-7.145 	
96.574 	-818.845 	-75.427 	9.782 	15.828 	26.643 	
400.415 	-1105.300 	-82.537 	-37.944 	-44.422 	39.213 	
933.287 	-1081.646 	3238.859 	35.045 	-36.721 	113.425 	
438.078 	-1325.287 	60.765 	3.151 	-40.402 	21.388 	
355.555 	-1037.494 	18.695 	-1.907 	-11.440 	-14.721 	
349.841 	-970.681 	5.340 	-25.178 	-24.936 	28.354 	
250.102 	-959.187 	42.599 	-137.775 	17.623 	5.114 	
461.480 	-1067.327 	514.593 	21.638 	-43.182 	-18.545 	
2983.562 	-3221.937 	-1895.801 	114.973 	-126.366 	-70.058 	
403.323 	-1108.536 	96.704 	-26.159 	-17.804 	6.011 	
2034.745 	407.460 	-6360.622 	75.670 	18.265 	-236.488 	
449.667 	-1113.458 	-22.451 	4.471 	-21.983 	4.785 	
418.530 	-964.543 	7.722 	-9.408 	-16.914 	-25.069 	
256.740 	-1115.570 	35.611 	-20.534 	3.266 	-5.073 	
339.644 	-1165.052 	-0.440 	8.709 	-41.606 	25.352 	
609.461 	-1165.606 	-338.118 	13.653 	-59.041 	-39.406 	
347.456 	-1324.249 	181.817 	-6.511 	-44.813 	-27.409 	
970.986 	-1053.514 	228.435 	13.116 	-75.651 	15.285 	
460.892 	-1212.045 	126.291 	-33.896 	-22.120 	-6.545 	
486.834 	-1396.885 	-1.546 	-19.847 	-39.130 	-16.441 	
318.398 	-1255.447 	52.708 	-16.483 	-46.417 	-26.370 	
605.238 	-1236.508 	-163.691 	-1.668 	-88.115 	-7.566 	
4589.929 	7852.585 	-22103.233 	161.205 	284.942 	-794.105 	
6231.308 	6094.554 	8476.746 	315.216 	338.183 	451.247 	
81384.808 	79173.710 	52609.156 	3524.493 	3436.754 	2283.342 	
-254388.262 	-61590.830 	-64241.723 	-8113.918 	-1963.481 	-2050.511 	
1231.157 	-1018.814 	-98.014 	37.684 	-67.991 	-14.665 	
-142.736 	-284.079 	173.139 	-10.712 	34.624 	-9.812 	
214.247 	-861.028 	-146.382 	5.480 	-54.722 	-65.743 	
-157.115 	-805.233 	-49.199 	6.571 	-4.183 	-8.893 	
230.999 	-709.485 	-82.195 	0.111 	-16.193 	-23.184 	
183.437 	-554.528 	219.621 	6.059 	-29.497 	0.403 	
-8617.770 	1531.937 	2686.802 	-285.880 	46.364 	80.998 	
-1609.692 	-8005.751 	-1943.519 	-81.818 	-274.540 	-72.418 	
1531.918 	-6594.706 	2254.088 	27.056 	-222.202 	78.745 	
66.524 	-667.602 	-145.123 	25.275 	2.491 	-25.762 	
449.679 	-1242.348 	-247.118 	24.561 	-61.558 	3.523 	
305.180 	-758.591 	-160.211 	-1.752 	-23.322 	17.463 	
300.099 	-593.706 	-220.151 	-17.875 	-12.768 	-14.500 	
408.588 	-557.075 	84.809 	124.400 	267.817 	171.334 	
155.978 	-613.603 	-98.634 	-1.417 	6.716 	-24.053 	
382.938 	-245.853 	-441.981 	-27.749 	-37.588 	5.378 	
-1715.878 	-1051.127 	743.347 	-176.942 	-43.830 	57.979 	
76.893 	-639.776 	-128.299 	8.639 	-3.350 	28.858 	
324.664 	-622.704 	-26.800 	40.836 	-16.466 	1.343 	
293.737 	-542.962 	235.357 	21.018 	-1.250 	-27.703 	
73.198 	-481.202 	-83.750 	28.480 	-5.301 	-38.413 	
328.752 	-369.790 	605.760 	29.308 	57.278 	111.001 	
327.008 	-407.843 	102.919 	6.511 	3.594 	15.620 	
-8239.674 	-71625.153 	3986.381 	-420.621 	-3386.433 	193.186 	
433.629 	-260.049 	9.532 	12.478 	4.367 	0.519 	
351.448 	-242.171 	-16.957 	-1.852 	0.189 	2.398 	
256.154 	-1061.578 	9.861 	-60.889 	20.475 	-17.636 	
491.106 	-752.932 	99.743 	11.611 	-11.928 	-19.053 	
-442.048 	-4074.468 	-232.455 	-41.817 	-147.308 	-13.436 	
1321.622 	1232.204 	-937.897 	12.848 	32.900 	-25.195 	
5838.568 	-6596.432 	2771.145 	191.008 	-232.014 	100.145 	
487.132 	-765.681 	6.738 	6.182 	-23.067 	41.293 	
387.123 	-430.195 	131.932 	4.608 	-30.139 	5.747 	
243.997 	-601.602 	32.239 	19.579 	-30.666 	62.421 	
3552.822 	-2677.657 	1851.808 	86.505 	-77.389 	55.246 	
-143.595 	-992.349 	-489.653 	-1.931 	-1.315 	-26.762 	
1293.254 	3114.453 	5158.832 	26.778 	131.218 	195.862 	
359.782 	-866.435 	-105.260 	5.445 	-38.891 	22.168 	
-1991.052 	-3823.395 	3870.797 	-84.829 	-116.402 	118.978 	
204.748 	-446.669 	18.679 	-5.696 	-12.493 	-12.706 	
43.822 	-482.476 	-122.049 	35.250 	-15.032 	-0.818 	
219.301 	-257.100 	2.244 	27.565 	32.667 	17.795 	
385.356 	-549.191 	287.385 	26.227 	-4.368 	16.642 	
-1397.059 	-1337.497 	-727.299 	-67.220 	-30.595 	-23.264 	
1540.958 	-2084.505 	-3569.346 	109.002 	-125.075 	-285.957 	
3340.926 	1190.956 	1072.916 	101.886 	55.788 	39.006 	
302.532 	-2890.993 	-1088.087 	-17.063 	-80.161 	-28.592 	
-24.052 	-522.023 	-56.731 	22.969 	-3.715 	25.828 	
344.892 	-824.090 	-175.461 	-11.015 	-58.771 	-3.916 	
1513.012 	-1749.461 	59.784 	20.235 	-47.847 	1.022 	
-92.089 	-244.522 	-846.307 	-23.451 	29.963 	-64.366 	
321.017 	-471.537 	85.614 	-9.665 	3.380 	-10.939 	
-5336.611 	9755.468 	-824.945 	-223.743 	372.849 	-32.814 	
1501.074 	-2427.721 	1791.909 	73.238 	-111.677 	105.043 	
675.363 	-883.133 	27.344 	-1.121 	-38.603 	-5.908 	
25.525 	-642.543 	101.657 	26.466 	27.498 	17.387 	
1402.840 	464.432 	-3443.234 	145.867 	126.038 	-413.692 	
1796.264 	-566.562 	-948.216 	127.774 	-3.773 	-84.020 	
493.051 	-769.811 	-132.070 	22.715 	-24.258 	19.564 	
-14.161 	-533.880 	-11.103 	30.673 	4.240 	29.380 	
601.814 	647.608 	-34.060 	22.138 	91.722 	-9.200 	
-430.546 	-2341.709 	-1910.836 	-40.399 	-73.637 	-68.479 	
213.391 	-723.432 	-1.116 	-27.091 	-28.194 	12.588 	
309.846 	-1845.382 	30.431 	-12.725 	-41.193 	-3.297 	
330.831 	-186.360 	-602.107 	-9.561 	10.856 	-11.656 	
-14706.846 	-14376.187 	-62888.003 	-1217.647 	-1122.847 	-5126.222 	
-647.271 	943.227 	-499.759 	-16.504 	33.099 	-18.682 	
254.902 	-1130.454 	98.340 	41.978 	-63.081 	-2.522 	
200.821 	-591.823 	57.942 	-3.179 	-4.776 	-1.502 	
-88.816 	-789.488 	1490.294 	-29.563 	-17.531 	28.640 	
43.166 	-403.598 	198.474 	8.967 	9.460 	2.874 	
342.563 	-644.557 	-70.349 	55.175 	-23.043 	-2.018 	
148.581 	-529.424 	472.403 	4.068 	0.672 	34.828 	
104.292 	-638.752 	88.941 	-16.903 	-1.323 	-9.894 	
254.272 	-648.472 	-33.527 	-14.676 	-24.168 	-7.019 	
279.785 	-303.314 	51.879 	14.601 	-9.854 	10.438 	
-152.343 	857.380 	-72.240 	-24.158 	113.644 	-5.285 	
5976.721 	780.863 	-6475.417 	409.827 	98.322 	-455.767 	
196.840 	-640.335 	-88.812 	36.714 	-27.209 	-10.993 	
240.287 	-490.854 	-50.348 	35.215 	-14.442 	19.854 	
-0.386 	-556.205 	-108.367 	30.269 	18.164 	-31.329 	
277.131 	-921.517 	-33.131 	-27.671 	-78.232 	8.657 	
296.458 	-710.783 	133.069 	38.021 	-49.524 	17.826 	
3335.061 	142.223 	-206.322 	100.335 	12.449 	-9.398 	
-680.702 	-3678.426 	-681.391 	-49.513 	-134.297 	-23.232 	
135.416 	-597.807 	-65.223 	31.051 	-24.397 	-5.524 	
178.286 	-600.713 	22.411 	-7.896 	-22.075 	-10.532 	
400.370 	-1126.852 	84.452 	-55.381 	-76.907 	25.424 	
121.016 	-535.569 	73.069 	9.701 	-27.565 	22.568 	
212.321 	-560.880 	-26.320 	-32.326 	-43.729 	16.879 	
476.697 	-1551.294 	2084.294 	-2.821 	-49.723 	90.290 	
176.877 	-756.583 	88.297 	-4.365 	-40.882 	-33.838 	
1162.500 	-1126.555 	7.321 	49.237 	-21.783 	2.999 	
-2891.781 	2605.590 	-2333.885 	-128.309 	98.263 	-79.167 	
218.847 	-1049.983 	-252.345 	-106.714 	-338.339 	-242.682 	
223.458 	-764.035 	67.830 	-12.504 	-50.851 	16.660 	
-48.130 	-840.414 	101.290 	-1.317 	-22.482 	-19.337 	
234.069 	-760.026 	-5.115 	57.274 	-37.108 	-16.587 	
475.756 	-709.273 	-241.562 	23.000 	-23.752 	2.581 	
-1101.133 	-508.835 	1264.397 	-64.135 	-1.067 	48.135 	
359.483 	-667.778 	42.119 	3.982 	-9.706 	-11.140 	
244.374 	-670.544 	-75.874 	8.242 	-49.293 	8.287 	
-345.916 	-1885.505 	-602.196 	-23.689 	-45.685 	-11.762 	
915.323 	-222.978 	-529.826 	47.373 	21.826 	-41.294 	
-435.699 	-505.111 	14.872 	-10.394 	-17.115 	-14.365 	
296.907 	-596.887 	15.958 	-17.685 	1.224 	-28.700 	
205.697 	-500.383 	89.093 	-64.365 	40.039 	4.647 	
208.629 	-622.645 	55.662 	17.966 	-39.396 	-10.371 	
500.930 	-800.312 	-75.680 	-6.851 	-22.632 	-16.213 	
425.340 	-4367.295 	-5991.662 	-6.239 	-154.692 	-230.045 	
76.184 	-718.489 	-33.761 	-29.609 	-38.681 	3.423 	
-7195.065 	3634.865 	-4932.588 	-286.775 	143.119 	-181.567 	
298.497 	-422.071 	-336.197 	-7.879 	-5.693 	-28.876 	
539.440 	-702.570 	62.732 	30.520 	-42.202 	8.126 	
-361.876 	-1868.346 	3355.121 	-66.012 	-154.005 	401.974 	
379.889 	-423.448 	142.640 	10.518 	-19.544 	1.259 	
435.468 	-735.455 	-54.753 	6.237 	-18.319 	5.517 	
254.802 	-586.312 	11.876 	52.426 	-25.284 	-4.571 	
349.895 	-382.750 	-58.009 	-5.872 	10.395 	-39.227 	
-228.940 	-813.132 	-333.822 	-4.890 	10.503 	5.623 	
1295.704 	2474.008 	-2221.910 	30.451 	115.993 	-97.214 	
165.458 	-633.135 	89.603 	11.283 	-34.596 	-11.931 	
7893.621 	-3483.557 	-1912.151 	216.967 	-105.368 	-57.713 	
-5885.139 	-13314.070 	16823.265 	-462.962 	-943.827 	1249.501 	
256.179 	-663.294 	119.447 	-8.319 	-23.238 	-8.065 	
-331.957 	-763.058 	277.129 	-19.133 	-10.370 	4.469 	
-175.553 	-781.731 	-489.258 	-32.866 	-21.417 	-28.721 	
522.491 	-1034.256 	70.863 	-16.592 	-57.732 	-6.357 	
225.673 	-454.724 	179.438 	-10.076 	-25.459 	1.430 	
-4032.632 	-1513.667 	-1230.633 	-141.376 	-43.231 	-31.708 	
3020.082 	11162.728 	-10613.768 	71.583 	352.758 	-335.001 	
1272.437 	136.719 	-2119.560 	19.270 	1.994 	-62.055 	
245.903 	-666.754 	-76.820 	-8.367 	-30.286 	12.258 	
-451.894 	-515.422 	11.495 	5.047 	-1.035 	9.154 	
-289.734 	-475.143 	-244.873 	-11.686 	-2.092 	0.949 	
415.406 	-420.520 	-48.182 	26.706 	-14.440 	27.721 	
247.051 	-811.962 	160.094 	29.271 	-42.582 	-10.313 	
441.029 	-757.613 	-9.027 	4.225 	-58.313 	16.603 	
188.956 	-719.634 	-21.263 	-27.581 	4.472 	-2.547 	
305.662 	-468.880 	95.292 	35.072 	-17.420 	18.066 	
498.691 	-854.970 	-171.785 	12.542 	-40.128 	-18.867 	
365.945 	-817.915 	-47.141 	-23.928 	-36.730 	-1.528 	
2281.697 	-374.266 	2531.029 	66.951 	-6.116 	101.388 	
132.922 	-1766.971 	-378.194 	-6.457 	-23.420 	3.643 	
536.640 	5051.066 	-426.275 	-5.908 	190.150 	-19.120 	
2083.511 	-455.336 	-2152.293 	35.899 	-11.846 	-64.011 	
152.738 	-599.969 	79.414 	17.929 	-69.848 	1.457 	
356.297 	-731.832 	270.147 	22.103 	26.175 	29.576 	
280.271 	-722.165 	90.820 	17.525 	-27.090 	12.420 	
240.882 	-819.911 	73.423 	21.121 	-63.118 	9.727 	
97.055 	-650.833 	-316.350 	7.644 	-6.144 	-3.430 	
150.427 	-636.102 	-103.713 	22.905 	10.322 	-10.875 	
109.060 	-778.334 	-23.791 	6.260 	-17.328 	-21.353 	
262.582 	-87.575 	-348.815 	14.088 	8.875 	-30.463 	
-3465.388 	1842.497 	-2409.136 	-236.778 	153.802 	-155.605 	
-24.343 	-512.807 	-34.817 	-2.751 	-23.979 	-9.339 	
387.942 	-612.291 	-69.174 	-13.450 	-35.292 	-6.510 	
34.962 	-704.726 	86.860 	-9.506 	-38.309 	23.950 	
1.664 	-386.507 	-202.900 	17.307 	23.690 	-26.556 	
173.865 	-540.892 	97.426 	-6.516 	22.693 	-19.527 	
106.577 	-247.545 	-87.962 	-3.269 	0.275 	-24.985 	
443.523 	-494.893 	-56.424 	-5.042 	-7.187 	-11.079 	
88.573 	-946.934 	35.430 	-6.418 	35.367 	4.935 	
20.504 	-740.237 	-83.310 	-20.410 	-35.696 	40.179 	
-358.254 	-560.263 	2079.063 	-35.645 	-7.987 	71.542 	
4011.949 	-10821.165 	2713.590 	125.550 	-395.588 	99.327 	
-1967.243 	-3556.123 	3317.874 	-107.104 	-139.300 	142.609 	
284.733 	-717.353 	-93.626 	-18.002 	-13.397 	-22.294 	
918.049 	-845.760 	455.826 	-13.860 	-17.274 	-0.383 	
424.264 	-1287.126 	-86.960 	-28.922 	-75.619 	-15.241 	
434.219 	-706.811 	15.989 	40.422 	1.737 	-32.206 	
150.746 	-584.267 	-205.926 	4.922 	-62.264 	8.272 	
469.076 	-505.631 	15.419 	29.279 	-16.533 	23.801 	
589.348 	-1325.084 	-12.205 	-29.891 	-81.693 	-14.156 	
316.289 	-545.478 	-257.523 	33.785 	-7.507 	3.257 	
-906.185 	-5.290 	4348.726 	-87.534 	41.333 	348.789 	
14545.058 	13782.447 	61997.792 	1164.823 	1170.579 	5045.313 	
-1025.235 	-44.018 	294.716 	-130.232 	67.564 	23.423 	
1973.159 	-3540.194 	884.316 	100.596 	-180.460 	52.670 	
521.725 	-1204.899 	-60.341 	-46.108 	-76.174 	-10.992 	
253.702 	-773.571 	-47.773 	-35.359 	-35.303 	17.173 	
899.404 	-1088.904 	113.665 	40.286 	-31.245 	14.458 	
398.801 	-1441.414 	-838.211 	-12.239 	-30.553 	-19.077 	
268.594 	-733.688 	137.538 	-15.361 	-44.461 	17.345 	
762.013 	-1069.420 	-3015.857 	1.918 	-25.171 	-105.163 	
68.692 	-574.848 	-143.464 	43.036 	-0.080 	-3.259 	
410.930 	-1064.045 	11.752 	-7.319 	-53.269 	6.730 	
268.049 	-963.517 	-106.621 	-35.298 	-62.150 	-0.465 	
249.679 	-615.406 	21.780 	14.663 	-47.555 	-18.348 	
-9.102 	-1308.441 	-76.715 	-5.827 	-7.758 	-3.875 	
-3466.371 	-6418.494 	4894.761 	-152.749 	-230.342 	183.954 	
134.222 	-512.834 	126.091 	44.087 	6.462 	-29.731 	
188.643 	-880.053 	32.333 	6.424 	-61.240 	6.821 	
4580.104 	991.660 	-31.307 	121.670 	29.829 	-1.323 	
179.326 	-1178.313 	-103.366 	17.598 	-33.517 	0.115 	
572.770 	-618.503 	-191.374 	25.348 	-20.410 	4.396 	
-462.923 	-4009.713 	-480.067 	-56.579 	-258.315 	-30.966 	
60.921 	-1019.028 	-258.868 	-23.834 	-55.081 	-50.988 	
372.318 	-752.181 	-113.468 	-4.293 	-49.783 	6.176 	
47.594 	-864.933 	-40.113 	0.299 	-23.611 	-24.279 	
148.836 	-701.374 	-38.306 	-2.999 	-39.538 	35.515 	
227.478 	-702.793 	-178.497 	2.498 	-13.692 	-22.848 	
-1101.497 	-1459.709 	-352.181 	-37.096 	-26.294 	-6.228 	
498.178 	-315.984 	-232.237 	19.153 	6.535 	-13.759 	
594.713 	-1733.505 	841.547 	-12.793 	-30.226 	18.254 	
204.550 	-645.943 	222.525 	-13.910 	-33.534 	23.546 	
570.802 	-928.374 	28.762 	32.200 	-43.129 	-4.294 	
239.784 	-899.040 	197.740 	23.927 	-42.606 	-28.340 	
-2.758 	-840.185 	327.404 	-4.495 	-42.512 	38.668 	
137.619 	-926.654 	-141.652 	-7.281 	-7.652 	17.749 	
-6573.039 	-12289.888 	9863.631 	-231.375 	-387.567 	311.286 	
2675.280 	769.928 	-1205.198 	71.415 	35.321 	-41.530 	
434.359 	-766.786 	82.151 	40.552 	-79.888 	0.651 	
814.485 	-1162.491 	989.142 	19.123 	-27.591 	41.252 	
-299.342 	677.517 	11.744 	-49.451 	120.969 	5.505 	
553.808 	-921.397 	68.183 	-10.551 	-63.624 	-11.103 	
-313.864 	224.185 	-460.397 	-28.247 	36.950 	-21.729 	
7405.687 	7176.901 	-5542.820 	266.716 	296.298 	-219.065 	
188.371 	-609.200 	-22.210 	-5.216 	-58.533 	-35.904 	
446.220 	-567.440 	-241.721 	-13.944 	-14.782 	-27.109 	
444.232 	-4047.792 	3995.170 	-8.803 	-137.274 	152.422 	
372.605 	-890.504 	-214.349 	49.008 	-27.596 	-0.916 	
283.474 	-934.407 	64.151 	5.344 	-58.474 	-5.515 	
457.479 	-859.748 	75.235 	-0.150 	-52.240 	-27.966 	
41.415 	-213.205 	-184.177 	-9.038 	18.226 	-12.567 	
-8125.357 	-10023.059 	9431.063 	-344.272 	-380.493 	370.269 	
601.599 	-802.517 	294.335 	21.851 	-19.798 	1.810 	
300.742 	-683.856 	164.303 	26.013 	-23.788 	5.974 	
506.774 	-657.288 	197.069 	45.362 	2.536 	16.874 	
85.221 	-679.319 	-22.278 	20.643 	-10.860 	-16.798 	
-23174.276 	41832.723 	4766.251 	-1387.945 	2495.538 	279.994 	
5838.598 	12516.616 	-16766.931 	405.145 	968.701 	-1237.560 	
-2166.572 	-4320.283 	-554.004 	-112.342 	-166.361 	-28.775 	
-6.578 	-1215.933 	-88.085 	-10.925 	-79.429 	-14.393 	
1393.578 	3818.932 	-140.143 	83.177 	329.570 	-5.777 	
340.149 	-495.062 	148.710 	-7.585 	-18.696 	-27.275 	
1542.984 	-4567.803 	-129.010 	31.078 	-139.292 	-7.605 	
-70.937 	-639.908 	78.523 	22.163 	25.777 	23.666 	
10939.895 	68088.034 	-4365.283 	491.998 	3261.661 	-204.209 	
-75.261 	-627.461 	101.910 	31.051 	10.855 	-0.101 	
425.127 	-1166.906 	37.456 	7.913 	-52.159 	-23.654 	
2255.786 	-2074.992 	-1878.130 	80.839 	-71.721 	-85.462 	
273.964 	-415.118 	-138.078 	29.322 	-8.065 	19.972 	
421.280 	-737.282 	-120.579 	21.848 	-30.346 	13.549 	
1824.726 	1272.335 	-3613.755 	57.747 	70.540 	-158.586 	
203.659 	-562.230 	-165.967 	0.882 	-29.829 	4.217 	
-141.093 	-1676.523 	340.885 	-11.790 	-44.525 	9.425 	
-5440.375 	-2388.365 	6657.081 	-397.684 	-125.842 	472.807 	
723.165 	-749.598 	-1660.233 	57.380 	-18.064 	-174.968 	
23535.374 	-43137.258 	-3426.713 	1359.768 	-2502.887 	-201.952 	
-26.690 	-899.615 	-59.442 	26.235 	-29.057 	6.928 	
