## Las primeras 200 lineas corresponden a la esfera 1 
##las siguienets 250 lineas a la esfera 2
## Las primeras tres columnas corresponden a la posición en 'x', 'y' y 'z', dadas en kpc, las siguientes tres a las velocidades, dadas en km/s
37.157 	-978.832 	179.241 	-21.920 	-20.723 	21.090 	
598.946 	-1480.420 	-12.936 	9.721 	-78.381 	3.730 	
165.175 	-791.095 	-18.873 	-1.472 	6.827 	61.952 	
250.939 	-244.963 	203.521 	19.194 	37.415 	18.484 	
570.198 	-1509.033 	8.056 	-4.279 	-19.812 	8.451 	
53.868 	-1404.876 	165.135 	-22.702 	-14.356 	-3.998 	
410.838 	-676.781 	-221.685 	10.372 	-34.768 	7.192 	
219.015 	-1292.389 	-30.774 	-14.229 	-17.390 	-5.106 	
482.989 	-1468.288 	84.733 	-7.215 	-21.100 	25.560 	
170.058 	-1249.883 	-65.108 	9.695 	-14.547 	16.907 	
-352.032 	-449.115 	-576.695 	15.970 	-11.123 	-1.556 	
-841.196 	-3981.345 	-3899.589 	-22.114 	-98.154 	-95.203 	
188.799 	-1282.409 	23.863 	-45.878 	-47.199 	-28.493 	
289.522 	-1244.951 	-21.114 	-33.815 	-15.262 	-43.238 	
77.581 	-1328.429 	162.019 	-17.354 	-10.271 	22.147 	
1567.025 	1188.651 	-4232.723 	51.176 	52.543 	-160.805 	
4.320 	-1338.045 	48.288 	-20.610 	-39.712 	15.030 	
1121.556 	-1665.147 	458.272 	18.736 	-77.819 	24.304 	
474.307 	-1112.021 	-2382.620 	1.179 	-37.662 	-95.393 	
324.785 	-1982.791 	-1060.494 	4.115 	-124.487 	-127.818 	
-1825.858 	-616.079 	1400.423 	-46.830 	-21.400 	38.081 	
358.039 	-847.161 	-99.301 	-27.292 	6.025 	9.856 	
1825.491 	-1906.294 	162.352 	36.254 	-60.592 	8.626 	
73.073 	-2165.692 	483.434 	12.684 	-299.638 	144.554 	
629.290 	-1774.166 	137.406 	-20.747 	-65.254 	13.328 	
107.554 	-1340.402 	-41.698 	-46.923 	-12.394 	18.999 	
367.234 	-1257.437 	47.811 	-27.925 	-11.801 	-17.652 	
253.414 	-1125.379 	-11.556 	-19.437 	-31.317 	-17.680 	
2337.036 	-5519.649 	3029.799 	71.042 	-163.627 	89.866 	
-4482.373 	-10888.025 	-11734.022 	-194.960 	-432.458 	-477.353 	
392.165 	-1293.140 	78.792 	18.106 	-22.132 	2.620 	
406.819 	-1423.470 	-127.488 	-32.587 	-15.707 	12.279 	
133.340 	-1614.946 	201.512 	-45.072 	-52.718 	11.521 	
-3746.704 	-10489.399 	-4637.936 	-101.890 	-287.850 	-127.338 	
748.979 	-2413.521 	4285.146 	19.981 	-85.446 	163.387 	
786.974 	-1789.794 	227.601 	-2.778 	-49.786 	-1.663 	
-60.945 	-502.778 	825.407 	-41.272 	58.400 	97.097 	
200.687 	-573.538 	-128.094 	12.836 	-21.181 	7.806 	
-34.866 	-594.458 	-1.050 	20.621 	-0.784 	-15.525 	
218.125 	-1507.329 	154.116 	-36.095 	-22.287 	15.323 	
164.752 	-1279.849 	57.884 	16.347 	-13.148 	-6.577 	
159.361 	-932.941 	58.550 	0.745 	10.400 	16.092 	
97.781 	-459.463 	-131.822 	9.723 	-3.878 	0.301 	
197.153 	-1260.692 	-40.662 	-4.154 	-36.372 	-6.025 	
237.795 	-1470.429 	-297.599 	-24.308 	-48.059 	22.158 	
1324.111 	-1360.416 	-23.581 	11.269 	-62.437 	3.579 	
4717.489 	4183.563 	1367.965 	131.493 	113.772 	37.837 	
738.968 	-1982.189 	-299.674 	-6.666 	-78.607 	-10.940 	
326.960 	-1185.036 	321.220 	-1.976 	-23.254 	25.880 	
4694.409 	-3626.412 	474.326 	134.897 	-110.028 	20.629 	
669.366 	-1693.856 	-387.320 	-4.174 	-70.683 	-17.010 	
463.446 	-7771.024 	-6494.517 	12.065 	-204.848 	-169.001 	
432.463 	-2308.512 	-33.342 	-8.903 	-70.403 	-0.568 	
346.055 	-1271.216 	-93.301 	-34.674 	-3.977 	10.933 	
412.948 	521.562 	-731.536 	12.663 	5.736 	-16.929 	
-4813.085 	-13530.543 	26061.216 	-146.630 	-400.899 	777.166 	
35.965 	-1127.431 	-48.500 	2.802 	-25.549 	26.095 	
311.638 	-1164.744 	52.211 	-39.149 	-33.066 	13.006 	
6725.954 	3926.060 	-4322.599 	193.493 	111.685 	-123.132 	
260.282 	-1416.957 	93.634 	-32.255 	-19.600 	-36.219 	
-111.714 	133.973 	1154.486 	5.787 	-5.065 	21.700 	
378.939 	-1431.182 	175.263 	-50.678 	-30.610 	15.144 	
4.123 	826.501 	-1130.107 	9.708 	11.987 	-22.885 	
254.260 	-1281.607 	-70.550 	-30.914 	16.447 	26.718 	
361.114 	-803.960 	18.604 	15.776 	-0.185 	-39.831 	
231.948 	-638.987 	-54.310 	35.542 	-2.523 	13.191 	
252.081 	-1278.007 	-71.700 	3.051 	-14.119 	29.713 	
-0.803 	-1646.603 	113.413 	-13.023 	-12.530 	-2.928 	
-9987.408 	714.432 	-3350.808 	-267.046 	19.175 	-88.820 	
224.527 	-1331.237 	44.582 	41.634 	-31.368 	-3.574 	
8261.098 	-1930.653 	8748.708 	220.763 	-51.520 	233.961 	
219.920 	-1272.111 	-4.568 	-13.283 	-29.743 	46.730 	
-399.371 	-351.152 	553.107 	-32.835 	8.315 	50.946 	
198.280 	-1159.189 	21.553 	-21.613 	-38.177 	-17.811 	
314.901 	-1101.599 	-57.356 	-25.264 	-29.860 	6.222 	
454.713 	-1191.946 	-72.263 	-10.950 	-39.917 	-10.579 	
360.475 	-896.163 	-106.867 	29.407 	-41.243 	60.723 	
486.160 	-1098.958 	-119.773 	-41.041 	-68.454 	-11.092 	
259.499 	-361.500 	-48.771 	25.137 	-7.623 	-0.884 	
339.441 	-1119.981 	26.083 	18.210 	-34.096 	-5.926 	
194.807 	-1030.477 	-18.776 	-26.389 	-36.939 	3.918 	
347.807 	-910.467 	15.822 	25.087 	9.818 	4.883 	
186.324 	-1225.382 	3.973 	-48.175 	-33.700 	-7.039 	
98.799 	-662.558 	46.220 	8.652 	-11.056 	25.641 	
6030.697 	-5543.616 	1590.923 	186.514 	-174.042 	55.419 	
619.844 	-1846.895 	-84.777 	-29.846 	-74.131 	0.786 	
263.975 	-288.800 	-2592.384 	12.986 	-7.439 	-58.331 	
321.317 	-1194.927 	-138.931 	-12.918 	-4.026 	-26.073 	
-4.540 	-1024.093 	635.576 	-21.898 	-24.650 	13.280 	
808.327 	-1190.192 	-103.530 	-16.061 	-66.264 	-18.415 	
484.148 	5978.953 	5882.288 	5.275 	307.692 	289.792 	
83.534 	-1270.561 	186.121 	-37.104 	-41.100 	8.485 	
373.666 	-643.244 	-9.064 	3.949 	-1.990 	24.877 	
-388.264 	-335.378 	-1015.361 	9.421 	-16.527 	-16.641 	
171.757 	-1181.772 	-83.141 	-14.570 	-35.110 	-4.647 	
196.422 	-1267.188 	82.222 	-1.668 	0.699 	18.424 	
159.164 	-1122.763 	-151.796 	-32.908 	-1.935 	9.653 	
491.859 	-8143.106 	-4804.046 	5.544 	-384.419 	-233.541 	
160.008 	-1082.174 	-44.487 	-37.647 	-18.952 	-10.280 	
-514.296 	-1924.473 	304.946 	-75.761 	-81.949 	23.470 	
226.390 	-1241.789 	30.369 	-24.269 	-15.302 	17.733 	
536.681 	-1601.414 	-119.308 	-34.551 	-83.880 	4.001 	
302.113 	-1527.467 	-327.452 	-20.770 	-43.527 	-7.940 	
337.769 	-1609.920 	79.162 	-26.339 	-36.921 	-10.339 	
920.849 	-134.465 	-471.771 	35.833 	66.168 	-37.712 	
392.490 	-1581.768 	246.787 	-47.851 	-55.053 	6.809 	
335.236 	-541.915 	-76.253 	16.522 	-26.971 	2.031 	
-732.169 	7468.455 	877.677 	-20.819 	189.845 	23.135 	
869.863 	-859.853 	-62.500 	33.209 	-13.005 	-5.468 	
226.857 	-1218.647 	12.360 	-22.618 	-17.302 	-43.047 	
1124.703 	-1085.097 	-97.249 	12.397 	-64.455 	2.358 	
109.163 	-3419.851 	490.869 	-26.608 	-244.426 	55.522 	
281.686 	-668.750 	47.429 	16.896 	-3.083 	2.000 	
898.846 	-1602.202 	232.387 	-6.868 	-61.319 	15.724 	
1113.891 	4029.396 	4884.795 	34.132 	130.855 	159.066 	
388.368 	-1654.516 	-37.227 	-11.920 	-29.374 	8.265 	
295.627 	-1850.914 	106.839 	-27.406 	-55.703 	-12.677 	
-2880.628 	2712.357 	1033.762 	-90.738 	80.949 	34.346 	
483.703 	-1501.945 	134.411 	-4.185 	-74.668 	27.630 	
295.002 	-423.388 	85.310 	14.575 	20.158 	-8.780 	
244.654 	-177.123 	-149.132 	12.815 	8.288 	12.741 	
302005.846 	73264.091 	69716.804 	8125.859 	1972.107 	1874.604 	
121.627 	-1166.905 	14.759 	-7.789 	-35.025 	-38.917 	
106.963 	-1329.233 	-85.679 	-34.918 	-23.971 	-40.849 	
201.169 	-1395.674 	70.886 	-26.772 	-42.491 	-30.397 	
61.301 	-1619.606 	-262.569 	-48.220 	-64.319 	-4.999 	
348.806 	-1118.537 	29.916 	-22.307 	-28.715 	1.800 	
1209.062 	1919.257 	-2092.321 	31.937 	43.678 	-46.850 	
150.861 	380.189 	-812.314 	28.497 	286.175 	-152.192 	
238.377 	-1000.664 	-31.199 	-11.610 	-35.381 	8.437 	
233.309 	-1127.735 	75.591 	-2.490 	-8.729 	-1.539 	
978.653 	482.873 	-1638.462 	29.693 	5.894 	-31.891 	
3222.250 	1298.589 	3906.648 	91.437 	36.593 	111.106 	
223.433 	-1623.674 	-6.222 	-4.674 	-26.017 	-21.759 	
-75.766 	402.875 	-196.726 	0.960 	-2.192 	-1.201 	
293.825 	-1436.969 	352.886 	-8.611 	-30.089 	12.766 	
179.652 	-1218.949 	26.653 	-23.045 	-6.134 	-26.945 	
92.310 	-1424.441 	52.714 	-14.697 	-28.176 	15.512 	
-591.535 	-980.783 	1381.228 	-1.051 	-23.803 	22.953 	
99.631 	-1438.993 	103.996 	6.074 	-29.527 	1.560 	
2164.499 	-2654.046 	-1142.635 	83.972 	-100.817 	-49.276 	
-8595.734 	-7240.273 	7097.400 	-257.795 	-213.704 	211.548 	
351.142 	-1282.101 	-87.749 	-10.189 	6.861 	-5.656 	
423.927 	-1436.336 	-82.777 	-48.285 	-40.113 	17.707 	
249.295 	459.717 	-193.825 	-16.693 	140.104 	-10.264 	
-98703.492 	-98002.147 	-66209.578 	-3418.740 	-3387.971 	-2289.171 	
347.881 	-291.423 	2035.455 	-2.089 	-5.485 	73.296 	
-30.326 	-1787.634 	-602.004 	-14.965 	-58.389 	-6.195 	
1881.580 	-2448.421 	-5252.164 	54.057 	-68.542 	-152.124 	
112.370 	-1560.075 	147.329 	-27.003 	-21.634 	6.905 	
377.140 	-1738.337 	69.915 	-42.925 	-49.029 	11.587 	
346.440 	-1214.066 	47.236 	-20.605 	-7.120 	17.433 	
-291.140 	-371.893 	-106.772 	0.953 	16.054 	-17.223 	
5293.879 	9960.227 	6927.291 	146.362 	273.669 	190.250 	
182.782 	-1414.626 	-21.709 	-20.883 	-70.203 	44.285 	
292.776 	-1549.642 	111.127 	-7.233 	-72.848 	-22.034 	
1077.965 	1829.586 	-1427.858 	25.204 	38.423 	-31.236 	
275.340 	-1326.922 	22.992 	-29.686 	-31.892 	10.347 	
-3143.112 	3077.974 	2443.382 	-80.307 	76.406 	63.068 	
653.286 	-504.786 	-366.936 	40.764 	-10.733 	-7.902 	
268.597 	-1873.271 	76.940 	-25.411 	-74.323 	7.614 	
266.433 	-1404.828 	-69.941 	-20.033 	-7.112 	-26.515 	
-932.354 	3258.105 	3639.189 	-28.439 	98.376 	106.286 	
232.068 	-714.798 	-0.826 	-12.904 	-3.285 	-53.553 	
335.077 	-1169.688 	28.141 	-11.341 	-18.401 	15.138 	
2149.075 	-733.011 	935.832 	73.423 	-24.374 	34.108 	
-1372.859 	-2038.321 	-3153.258 	-37.937 	-57.165 	-86.887 	
-1790.224 	-2692.057 	918.419 	-42.185 	-71.692 	23.797 	
2481.824 	-994.325 	1433.767 	64.182 	-27.262 	25.886 	
2504.818 	-1322.489 	582.844 	54.791 	-44.683 	14.141 	
7891.357 	5514.176 	-5655.602 	231.991 	165.234 	-166.900 	
462.978 	-1137.936 	-30.969 	-27.106 	-3.943 	23.545 	
182.676 	-1274.222 	-402.543 	-18.482 	-37.898 	12.056 	
273.087 	-683.588 	65.371 	37.969 	18.056 	14.676 	
235.316 	-1273.145 	140.725 	-16.110 	-21.852 	7.996 	
1136.973 	-1295.478 	3897.447 	34.900 	-36.699 	112.750 	
413.320 	-1502.322 	153.895 	-10.297 	-20.616 	9.193 	
274.582 	-1128.129 	21.743 	-14.169 	-13.695 	7.907 	
250.348 	-1204.554 	54.817 	-10.163 	-46.452 	-24.386 	
-461.740 	-814.767 	43.860 	-112.007 	27.139 	-1.213 	
571.281 	-1308.323 	361.569 	15.117 	-39.442 	-33.529 	
3652.255 	-3957.114 	-2303.194 	114.650 	-126.082 	-69.839 	
229.076 	-1245.228 	35.104 	-23.187 	-13.815 	-36.787 	
2475.361 	513.743 	-7737.553 	75.621 	18.230 	-236.301 	
376.701 	-1196.876 	39.213 	-39.145 	-13.155 	6.106 	
305.553 	-1152.627 	-42.786 	-17.682 	-38.871 	7.221 	
282.897 	-1072.484 	-3.074 	21.602 	-0.653 	-2.577 	
369.102 	-1278.675 	130.749 	-5.441 	-5.001 	6.027 	
663.504 	-1496.335 	-528.501 	6.000 	-54.705 	-27.626 	
325.403 	-1459.865 	-12.589 	-3.950 	-3.414 	-33.686 	
1019.142 	-1489.197 	302.043 	4.274 	-73.594 	10.496 	
211.204 	-1219.572 	-6.279 	-45.030 	23.252 	-19.288 	
352.130 	-1554.481 	-87.988 	-26.180 	-17.284 	-11.528 	
272.399 	-1424.632 	-74.853 	-0.406 	-5.785 	-8.695 	
545.859 	-1707.075 	-171.251 	-15.699 	-73.462 	3.089 	
5528.917 	9512.314 	-26728.740 	161.202 	284.936 	-794.090 	
8067.313 	8064.333 	11105.075 	315.190 	338.154 	451.209 	
101914.485 	99192.320 	65909.301 	3524.492 	3436.753 	2283.341 	
-301650.698 	-73027.833 	-76185.665 	-8113.917 	-1963.481 	-2050.511 	
1428.753 	-1409.304 	-169.814 	30.743 	-66.121 	-10.863 	
-182.794 	-111.246 	105.319 	-3.927 	25.548 	-12.924 	
265.467 	-1166.029 	-445.401 	10.061 	-50.993 	-39.862 	
-42.472 	-827.571 	-87.773 	32.817 	-4.950 	-3.276 	
267.677 	-821.810 	-249.705 	8.768 	-21.619 	-27.337 	
237.938 	-757.995 	119.167 	11.436 	-29.970 	-33.835 	
-10282.708 	1801.928 	3158.522 	-285.791 	46.341 	80.971 	
-2086.150 	-9604.479 	-2365.237 	-81.779 	-274.402 	-72.384 	
1689.396 	-7888.378 	2712.524 	27.018 	-222.000 	78.667 	
289.629 	-665.285 	-179.985 	41.562 	-4.546 	11.472 	
559.260 	-1557.478 	-166.893 	13.688 	-48.361 	22.202 	
271.990 	-880.209 	15.412 	-9.588 	-17.217 	31.443 	
184.824 	-703.163 	-206.064 	-18.465 	-24.010 	19.290 	
1108.837 	978.473 	1064.403 	119.288 	262.042 	167.174 	
244.264 	-672.740 	-131.016 	24.301 	-18.282 	8.933 	
215.030 	-498.228 	-379.032 	-28.664 	-49.752 	15.989 	
-2742.646 	-1305.939 	1079.726 	-175.755 	-43.685 	57.571 	
229.609 	-769.843 	51.745 	34.721 	-36.287 	24.673 	
487.396 	-794.364 	-62.656 	25.023 	-42.866 	-10.520 	
399.709 	-587.353 	7.889 	12.619 	-15.114 	-45.651 	
194.032 	-620.061 	-249.055 	24.132 	-32.669 	-13.917 	
496.924 	-47.535 	1234.279 	28.535 	54.052 	105.968 	
347.441 	-478.337 	150.197 	-0.175 	-23.084 	-0.933 	
-10689.731 	-91350.645 	5111.661 	-420.621 	-3386.431 	193.186 	
472.320 	-286.580 	7.481 	1.673 	-12.387 	-0.906 	
326.262 	-303.176 	-0.825 	-6.282 	-20.184 	2.867 	
14.565 	-908.651 	-57.751 	-24.573 	30.863 	-1.431 	
472.024 	-869.721 	-59.026 	-18.140 	-25.942 	-30.106 	
-685.253 	-4930.510 	-311.381 	-41.691 	-146.672 	-13.594 	
1394.682 	1420.758 	-1083.452 	12.266 	31.888 	-24.799 	
6950.907 	-7947.620 	3354.344 	190.925 	-231.929 	100.102 	
447.228 	-909.918 	203.496 	-17.256 	-27.362 	23.040 	
295.309 	-730.876 	128.954 	-25.115 	-61.614 	-16.064 	
308.631 	-835.771 	298.613 	7.009 	-44.779 	30.978 	
4055.552 	-3127.829 	2172.924 	86.130 	-77.191 	55.023 	
-134.035 	-992.782 	-617.723 	4.612 	0.575 	-17.514 	
1449.121 	3878.442 	6299.177 	26.743 	131.109 	195.694 	
338.165 	-1130.434 	68.485 	-15.364 	-60.848 	18.392 	
-2484.783 	-4500.848 	4562.982 	-84.709 	-116.213 	118.690 	
193.325 	-621.256 	-51.288 	4.535 	-46.728 	-11.941 	
342.927 	-616.616 	-110.478 	50.344 	-36.537 	6.298 	
383.569 	-128.825 	96.007 	27.560 	13.887 	14.327 	
506.470 	-607.786 	326.859 	14.918 	-15.277 	-0.328 	
-1783.169 	-1514.322 	-860.454 	-65.462 	-30.161 	-22.509 	
2175.385 	-2812.507 	-5233.964 	108.829 	-124.884 	-285.645 	
3933.104 	1515.025 	1299.618 	101.469 	55.501 	38.843 	
203.187 	-3354.025 	-1252.493 	-17.048 	-78.879 	-27.893 	
127.336 	-611.859 	110.993 	37.746 	-25.976 	22.979 	
271.901 	-1161.463 	-92.748 	-11.836 	-58.065 	34.308 	
1623.105 	-2021.031 	65.688 	17.705 	-45.525 	1.021 	
-224.302 	-77.245 	-1208.892 	-22.104 	27.692 	-60.562 	
241.834 	-545.679 	46.767 	-14.839 	-26.692 	-9.653 	
-6639.793 	11927.094 	-1016.068 	-223.714 	372.795 	-32.810 	
1926.339 	-3076.489 	2401.719 	72.818 	-111.136 	104.401 	
585.567 	-1116.590 	-12.410 	-28.808 	-41.616 	-7.158 	
247.516 	-529.910 	130.153 	43.540 	7.759 	-7.606 	
2252.084 	1198.303 	-5851.581 	145.747 	125.944 	-413.297 	
2535.761 	-589.401 	-1434.697 	126.324 	-4.028 	-83.136 	
516.424 	-935.861 	20.528 	-15.091 	-30.280 	25.877 	
220.670 	-569.832 	114.608 	48.674 	-17.229 	15.199 	
728.534 	1173.633 	-87.846 	21.461 	89.190 	-9.253 	
-664.750 	-2768.594 	-2307.028 	-40.033 	-72.982 	-67.604 	
54.730 	-844.096 	46.380 	-17.777 	-15.467 	-1.479 	
239.115 	-2059.155 	10.141 	-11.574 	-32.128 	-3.569 	
273.175 	-140.432 	-648.597 	-10.111 	5.302 	-4.725 	
-21799.470 	-20916.610 	-92747.524 	-1217.647 	-1122.846 	-5126.220 	
-740.509 	1131.180 	-607.079 	-15.567 	31.527 	-18.187 	
518.423 	-1374.104 	32.700 	35.613 	-27.630 	-15.995 	
204.072 	-723.109 	-4.818 	5.713 	-38.524 	-16.580 	
-258.905 	-891.831 	1648.765 	-28.851 	-17.620 	25.889 	
127.473 	-399.917 	174.430 	19.029 	-7.495 	-10.122 	
572.878 	-800.151 	-54.203 	25.146 	-32.089 	4.860 	
179.279 	-542.702 	636.219 	5.963 	-4.830 	22.767 	
112.597 	-665.541 	-28.588 	21.661 	-7.224 	-27.383 	
153.166 	-794.978 	-68.852 	-9.349 	-22.713 	-0.183 	
354.003 	-435.010 	92.738 	9.154 	-35.170 	3.808 	
-292.122 	1512.205 	-102.813 	-23.886 	111.478 	-5.215 	
8363.697 	1353.524 	-9129.957 	409.762 	98.306 	-455.693 	
362.945 	-846.710 	-63.761 	15.479 	-42.174 	14.945 	
358.536 	-638.609 	35.525 	10.986 	-34.246 	11.121 	
265.530 	-506.754 	-229.009 	52.908 	-3.889 	-10.594 	
215.220 	-1353.017 	58.128 	0.048 	-56.285 	14.773 	
451.423 	-999.955 	149.400 	17.617 	-49.921 	-10.796 	
3917.307 	214.055 	-260.950 	99.627 	12.228 	-9.361 	
-968.120 	-4458.681 	-816.016 	-49.199 	-133.643 	-23.014 	
327.043 	-818.026 	-76.013 	26.593 	-48.000 	5.971 	
114.013 	-755.160 	-62.567 	-4.213 	-13.002 	-25.372 	
144.794 	-1446.837 	164.216 	-36.597 	-41.297 	0.790 	
245.093 	-747.625 	135.386 	26.639 	-51.805 	-5.343 	
147.332 	-879.917 	76.435 	2.689 	-56.227 	7.152 	
459.983 	-1839.577 	2606.101 	-2.908 	-49.294 	88.971 	
123.920 	-997.405 	-126.586 	-9.073 	-39.868 	-31.512 	
1426.883 	-1245.441 	14.353 	41.542 	-20.155 	-0.547 	
-3638.636 	3177.326 	-2794.628 	-128.139 	98.061 	-79.041 	
-394.167 	-3005.435 	-1641.066 	-104.837 	-334.607 	-237.147 	
181.316 	-1045.913 	79.906 	0.692 	-46.582 	-12.510 	
31.744 	-950.721 	-37.372 	29.774 	-11.618 	-24.129 	
522.039 	-985.419 	-101.543 	38.846 	-39.217 	-12.364 	
555.802 	-863.194 	-159.855 	4.149 	-28.229 	23.936 	
-1470.817 	-516.079 	1540.911 	-62.904 	-1.410 	46.897 	
313.661 	-754.588 	-65.709 	-18.636 	-22.401 	-21.754 	
-385.509 	-1080.356 	269.717 	-101.664 	-70.426 	56.900 	
-477.330 	-2142.952 	-665.295 	-21.492 	-42.842 	-9.968 	
1180.328 	-104.917 	-761.619 	43.985 	19.044 	-38.582 	
-450.527 	-574.795 	29.965 	6.466 	-11.419 	1.550 	
135.000 	-699.184 	-101.514 	-26.921 	-28.176 	-12.064 	
-93.240 	-408.746 	32.314 	-42.865 	5.342 	-13.785 	
285.387 	-865.694 	-56.969 	6.994 	-47.227 	-28.415 	
372.534 	-926.285 	-114.037 	-35.638 	-18.905 	6.772 	
388.998 	-5268.088 	-7331.155 	-6.239 	-154.607 	-229.888 	
16.131 	-945.032 	-3.716 	6.825 	-42.972 	3.871 	
-8865.288 	4468.392 	-5990.055 	-286.710 	143.080 	-181.524 	
251.091 	-483.758 	-453.426 	-8.647 	-13.659 	-11.116 	
629.661 	-976.199 	78.970 	2.707 	-49.269 	-2.024 	
-746.057 	-2764.985 	5695.147 	-65.918 	-153.883 	401.556 	
435.585 	-543.153 	55.256 	1.388 	-29.352 	-21.297 	
408.992 	-878.454 	-21.076 	-14.300 	-29.192 	4.125 	
493.247 	-785.138 	-28.683 	19.118 	-38.333 	-4.365 	
291.888 	-392.350 	-260.824 	-12.490 	-11.404 	-29.579 	
-219.871 	-752.504 	-278.128 	7.665 	9.708 	13.327 	
1472.727 	3148.379 	-2787.357 	30.341 	115.588 	-96.955 	
123.376 	-770.295 	-69.855 	5.286 	-33.311 	-20.854 	
9157.049 	-4097.181 	-2248.226 	216.845 	-105.326 	-57.682 	
-8581.810 	-18811.700 	24101.391 	-462.957 	-943.818 	1249.488 	
195.213 	-811.827 	-25.543 	-12.455 	-23.093 	-37.725 	
-411.513 	-824.179 	286.804 	-8.719 	-10.967 	-0.859 	
-344.337 	-907.707 	-631.195 	-25.605 	-21.833 	-20.910 	
280.598 	-1340.430 	-3.909 	-62.702 	-36.208 	-12.782 	
178.814 	-670.037 	103.188 	-4.486 	-46.097 	-27.083 	
-4854.978 	-1765.307 	-1415.012 	-141.002 	-43.175 	-31.606 	
3437.027 	13217.412 	-12565.030 	71.578 	352.731 	-334.978 	
1383.245 	146.953 	-2477.944 	18.803 	1.542 	-61.049 	
883.200 	-735.523 	-226.041 	104.027 	-13.587 	-18.651 	
-403.139 	-569.953 	-37.948 	9.534 	-13.202 	-8.102 	
-326.335 	-502.087 	-224.065 	-1.471 	-6.988 	5.891 	
511.340 	-567.795 	112.852 	5.660 	-34.357 	25.600 	
402.749 	-1063.321 	17.317 	18.603 	-50.429 	-37.609 	
390.938 	-1114.075 	60.484 	-26.816 	-64.761 	1.566 	
107.890 	-706.372 	-30.341 	11.674 	-2.672 	-1.276 	
461.418 	-624.774 	139.911 	17.148 	-33.295 	-0.160 	
495.722 	-1078.232 	-185.174 	-10.187 	-35.919 	14.674 	
212.708 	-1005.693 	-6.832 	-18.514 	-23.980 	-1.615 	
2670.351 	-410.231 	3119.875 	66.526 	-6.225 	100.833 	
101.784 	-1881.494 	-346.183 	-4.147 	-15.781 	7.520 	
502.225 	6157.911 	-537.583 	-5.907 	189.907 	-19.099 	
2290.644 	-524.688 	-2522.872 	35.256 	-11.961 	-63.263 	
479.355 	-1126.275 	-17.162 	56.816 	-103.567 	-22.215 	
460.552 	-593.427 	368.964 	15.684 	21.063 	6.694 	
322.023 	-891.124 	105.121 	-2.134 	-29.838 	-12.220 	
371.080 	-1220.035 	19.200 	14.215 	-72.933 	-32.457 	
180.965 	-702.642 	-252.472 	21.224 	-11.506 	26.666 	
282.658 	-590.347 	-136.065 	27.681 	-3.412 	1.776 	
175.931 	-855.254 	-74.920 	23.743 	-8.677 	1.630 	
342.828 	-63.692 	-510.709 	13.254 	0.201 	-25.556 	
-4843.917 	2737.985 	-3315.109 	-236.570 	153.680 	-155.479 	
128.300 	-695.178 	-75.272 	44.690 	-41.806 	0.674 	
242.735 	-881.536 	-59.950 	-24.543 	-52.751 	11.273 	
59.159 	-926.387 	159.471 	14.616 	-40.713 	0.145 	
131.468 	-289.646 	-323.911 	25.421 	10.747 	-15.590 	
178.927 	-470.938 	-34.051 	7.499 	-1.837 	-24.506 	
107.260 	-297.731 	-225.451 	3.128 	-15.962 	-21.898 	
349.226 	-589.765 	-93.144 	-28.029 	-23.495 	-0.891 	
171.672 	-737.084 	46.490 	36.325 	30.372 	-1.872 	
21.740 	-942.018 	149.912 	17.801 	-34.701 	35.757 	
-564.468 	-607.407 	2491.405 	-35.184 	-8.189 	70.132 	
4743.183 	-13125.198 	3292.100 	125.525 	-395.520 	99.309 	
-2590.590 	-4367.056 	4148.082 	-106.932 	-139.154 	142.474 	
127.634 	-726.217 	-6.643 	-27.580 	1.411 	38.594 	
813.393 	-949.469 	432.568 	-22.099 	-18.271 	-7.726 	
265.046 	-1649.705 	-126.752 	-25.512 	-50.718 	0.049 	
579.033 	-747.471 	-167.717 	12.167 	-13.441 	-26.715 	
222.098 	-980.810 	-61.642 	18.524 	-74.102 	34.516 	
569.910 	-642.754 	135.610 	6.593 	-28.723 	16.576 	
353.926 	-1724.848 	-90.296 	-46.089 	-56.252 	-9.311 	
454.404 	-627.494 	-157.502 	11.465 	-21.837 	26.063 	
-1415.778 	235.271 	6379.388 	-87.448 	41.273 	348.488 	
21329.986 	20600.902 	91386.032 	1164.822 	1170.578 	5045.312 	
-1777.537 	345.979 	429.697 	-128.365 	66.493 	23.000 	
2558.069 	-4589.672 	1190.545 	100.267 	-179.936 	52.493 	
215.396 	-1585.242 	-78.181 	-52.083 	-54.304 	3.073 	
166.298 	-928.336 	63.485 	-1.794 	-32.510 	7.297 	
1101.995 	-1267.153 	192.653 	30.219 	-30.037 	12.530 	
325.973 	-1610.376 	-931.448 	-12.701 	-27.719 	-13.130 	
208.882 	-992.472 	131.096 	-6.830 	-44.953 	-19.024 	
772.867 	-1215.805 	-3625.871 	1.818 	-25.097 	-104.335 	
320.363 	-665.361 	-62.727 	32.054 	-26.821 	25.114 	
232.874 	-1308.642 	44.046 	-45.608 	-22.509 	-1.010 	
140.323 	-1307.304 	-25.642 	-0.915 	-56.808 	21.742 	
279.079 	-878.617 	-85.325 	-4.541 	-36.016 	-12.337 	
6.663 	-1313.694 	-104.621 	13.601 	4.481 	-1.327 	
-4355.936 	-7759.945 	5966.041 	-152.692 	-230.258 	183.881 	
388.777 	-565.305 	-115.325 	36.654 	-25.377 	-41.330 	
316.354 	-1238.265 	38.311 	29.564 	-61.544 	-4.607 	
5287.690 	1164.944 	-39.014 	121.304 	29.677 	-1.323 	
335.763 	-1329.145 	-31.067 	24.726 	-15.264 	22.108 	
654.640 	-769.405 	-144.173 	2.618 	-30.875 	9.948 	
-791.977 	-5512.112 	-659.565 	-56.421 	-257.613 	-30.737 	
-43.571 	-1320.034 	-512.614 	-13.662 	-49.246 	-37.651 	
305.347 	-1052.969 	-5.806 	-19.256 	-57.013 	27.835 	
133.016 	-980.135 	-139.981 	28.543 	-19.397 	-0.804 	
226.822 	-909.306 	76.521 	16.931 	-35.890 	2.229 	
245.923 	-793.449 	-190.659 	5.624 	-20.288 	16.677 	
-1309.728 	-1609.642 	-386.756 	-34.493 	-25.263 	-5.661 	
583.366 	-314.225 	-292.265 	10.858 	-4.980 	-7.432 	
517.489 	-1900.325 	936.908 	-13.674 	-27.174 	14.533 	
153.672 	-854.489 	263.940 	-4.218 	-37.699 	-6.928 	
665.592 	-1167.703 	0.181 	2.272 	-37.743 	-5.948 	
351.875 	-1156.768 	-74.654 	2.829 	-48.664 	-49.992 	
2.958 	-1081.666 	509.141 	5.045 	-40.676 	24.839 	
154.002 	-949.016 	17.009 	15.609 	-1.418 	32.634 	
-7920.730 	-14547.332 	11676.768 	-231.363 	-387.541 	311.266 	
3089.349 	974.396 	-1446.202 	70.795 	34.908 	-41.237 	
594.895 	-1237.198 	30.018 	14.071 	-79.184 	-15.022 	
919.974 	-1320.465 	1216.930 	17.217 	-26.740 	37.248 	
-583.988 	1375.843 	42.842 	-48.421 	119.064 	5.207 	
379.538 	-1285.465 	-28.097 	-53.478 	-53.854 	-14.423 	
-472.026 	429.704 	-582.363 	-26.225 	33.885 	-20.297 	
8959.157 	8902.663 	-6818.754 	266.679 	296.255 	-219.036 	
198.396 	-906.802 	-162.121 	9.219 	-38.136 	-4.552 	
323.990 	-677.247 	-329.940 	-25.374 	-22.455 	-2.614 	
392.934 	-4846.787 	4882.240 	-8.810 	-137.079 	152.175 	
622.684 	-1047.910 	-160.671 	33.117 	-27.434 	14.615 	
392.706 	-1262.220 	-12.482 	13.333 	-51.055 	-9.194 	
357.659 	-1192.537 	-97.328 	-34.424 	-58.983 	-18.688 	
10.279 	-148.837 	-242.066 	-2.346 	5.096 	-7.992 	
-10130.628 	-12239.314 	11587.760 	-344.251 	-380.473 	370.247 	
686.873 	-924.663 	262.567 	7.816 	-21.951 	-11.567 	
393.268 	-866.617 	102.140 	5.662 	-36.980 	-24.539 	
721.082 	-667.482 	254.455 	29.656 	-5.131 	4.793 	
284.658 	-768.582 	-99.532 	35.820 	-20.417 	-3.121 	
-31258.857 	56368.871 	6397.175 	-1387.943 	2495.535 	279.994 	
8198.494 	18159.131 	-23975.503 	405.140 	968.691 	-1237.547 	
-2820.120 	-5288.263 	-721.451 	-112.076 	-166.026 	-28.722 	
-22.754 	-1644.712 	-135.458 	3.608 	-67.307 	-4.675 	
1877.831 	5737.695 	-173.786 	83.101 	329.282 	-5.775 	
268.426 	-631.443 	-64.295 	-14.782 	-33.271 	-41.501 	
1723.494 	-5377.595 	-173.241 	30.911 	-138.783 	-7.583 	
300.252 	-557.330 	343.208 	72.105 	7.496 	37.826 	
13805.713 	87086.750 	-5554.771 	491.998 	3261.660 	-204.209 	
-26.731 	-539.169 	-123.158 	14.188 	9.800 	-40.188 	
383.679 	-1368.013 	-96.702 	-19.229 	-20.260 	-17.828 	
2724.938 	-2491.705 	-2374.283 	80.289 	-71.387 	-84.933 	
414.767 	-538.671 	8.855 	15.845 	-35.359 	27.429 	
478.054 	-940.685 	6.413 	-1.302 	-36.406 	23.440 	
2160.554 	1682.481 	-4536.439 	57.576 	70.306 	-158.252 	
184.728 	-792.554 	-29.675 	-8.133 	-50.690 	38.731 	
-198.326 	-1918.853 	386.068 	-7.980 	-38.884 	6.144 	
-7756.635 	-3121.331 	9410.886 	-397.624 	-125.828 	472.736 	
1055.532 	-855.154 	-2673.944 	56.825 	-18.152 	-173.330 	
31455.826 	-57716.213 	-4603.053 	1359.766 	-2502.883 	-201.952 	
224.597 	-1035.704 	-28.275 	57.250 	-15.939 	8.280 	
