## Las primeras 200 lineas corresponden a la esfera 1 
##las siguienets 250 lineas a la esfera 2
## Las primeras tres columnas corresponden a la posición en 'x', 'y' y 'z', dadas en kpc, las siguientes tres a las velocidades, dadas en km/s
13.587 	-1002.149 	201.202 	-15.749 	-17.524 	14.895 	
607.434 	-1575.345 	-7.424 	4.545 	-75.980 	5.002 	
168.305 	-784.419 	53.005 	5.242 	4.587 	56.090 	
274.575 	-200.655 	225.337 	19.341 	34.936 	17.146 	
564.061 	-1531.389 	17.525 	-5.927 	-17.113 	7.182 	
29.208 	-1420.650 	157.814 	-17.227 	-11.034 	-8.759 	
421.519 	-720.385 	-209.794 	6.999 	-36.280 	12.224 	
200.668 	-1309.122 	-35.086 	-19.171 	-3.574 	-5.280 	
472.067 	-1492.657 	115.342 	-10.573 	-18.631 	24.167 	
188.891 	-1267.348 	-36.921 	21.338 	-12.920 	27.668 	
-331.845 	-463.142 	-578.027 	16.950 	-11.759 	-0.614 	
-868.303 	-4101.681 	-4016.298 	-22.095 	-98.107 	-95.142 	
139.498 	-1336.758 	-11.480 	-35.158 	-42.492 	-28.253 	
246.271 	-1261.659 	-70.745 	-36.518 	-11.347 	-36.612 	
58.719 	-1339.068 	186.767 	-14.371 	-6.375 	18.422 	
1629.772 	1253.064 	-4429.874 	51.161 	52.512 	-160.737 	
-16.923 	-1385.472 	66.233 	-14.001 	-37.678 	14.311 	
1143.979 	-1760.201 	487.694 	17.854 	-77.216 	23.693 	
475.745 	-1158.189 	-2499.426 	1.166 	-37.636 	-95.114 	
329.816 	-2135.155 	-1216.866 	4.092 	-124.030 	-127.240 	
-1883.133 	-642.338 	1447.040 	-46.584 	-21.426 	37.949 	
322.170 	-841.366 	-79.842 	-30.024 	3.057 	20.270 	
1869.616 	-1980.455 	172.877 	35.718 	-60.362 	8.541 	
88.733 	-2532.619 	660.417 	12.834 	-298.864 	144.133 	
603.108 	-1852.961 	153.323 	-21.915 	-63.274 	12.633 	
55.409 	-1352.544 	-17.228 	-38.318 	-7.940 	20.834 	
327.013 	-1269.613 	22.577 	-36.384 	-9.823 	-22.250 	
232.278 	-1165.485 	-30.771 	-15.231 	-34.252 	-13.550 	
2424.142 	-5720.274 	3139.982 	71.022 	-163.582 	89.835 	
-4721.448 	-11418.340 	-12319.390 	-194.958 	-432.453 	-477.347 	
409.830 	-1317.027 	78.723 	10.804 	-17.217 	-2.651 	
364.822 	-1439.873 	-108.784 	-36.147 	-10.742 	18.016 	
78.931 	-1677.288 	214.037 	-43.650 	-49.069 	9.007 	
-3871.646 	-10842.377 	-4794.085 	-101.883 	-287.836 	-127.331 	
773.476 	-2518.283 	4485.451 	19.973 	-85.416 	163.300 	
782.832 	-1849.969 	225.150 	-3.961 	-48.365 	-2.318 	
-111.303 	-431.470 	943.824 	-40.879 	57.914 	96.083 	
218.279 	-603.398 	-116.395 	15.837 	-27.653 	11.217 	
-6.952 	-597.105 	-20.423 	24.846 	-3.598 	-16.026 	
174.105 	-1531.903 	170.658 	-35.815 	-17.818 	11.605 	
192.452 	-1293.955 	44.243 	29.506 	-11.992 	-14.703 	
172.671 	-944.314 	77.675 	2.825 	-18.062 	6.536 	
111.180 	-466.567 	-130.581 	12.091 	-7.683 	1.690 	
196.344 	-1303.590 	-41.079 	5.605 	-35.814 	8.448 	
208.587 	-1528.028 	-268.401 	-23.322 	-45.814 	25.428 	
1337.297 	-1436.731 	-19.193 	10.236 	-62.031 	3.576 	
4878.720 	4323.060 	1414.358 	131.465 	113.740 	37.828 	
730.352 	-2077.821 	-312.759 	-7.367 	-77.381 	-10.411 	
324.110 	-1213.216 	349.906 	-2.672 	-22.705 	20.992 	
4859.792 	-3761.316 	499.619 	134.833 	-109.992 	20.623 	
663.589 	-1779.729 	-407.413 	-5.217 	-69.389 	-15.789 	
478.241 	-8022.215 	-6701.750 	12.065 	-204.830 	-168.983 	
421.456 	-2394.121 	-34.017 	-9.044 	-69.236 	-0.534 	
315.461 	-1278.754 	-76.712 	-19.012 	-1.013 	11.819 	
428.396 	528.252 	-752.130 	12.537 	5.188 	-16.661 	
-4992.895 	-14022.159 	27014.243 	-146.629 	-400.898 	777.164 	
44.148 	-1158.650 	-15.794 	10.772 	-25.507 	26.978 	
265.866 	-1205.033 	62.341 	-35.237 	-32.519 	3.785 	
6963.222 	4063.009 	-4473.588 	193.476 	111.672 	-123.121 	
219.342 	-1435.744 	46.523 	-34.786 	-10.125 	-39.686 	
-104.529 	127.523 	1180.829 	5.929 	-5.454 	21.268 	
315.894 	-1467.057 	191.097 	-52.038 	-27.813 	10.708 	
16.070 	840.985 	-1158.020 	9.783 	11.635 	-22.634 	
441.774 	-1131.746 	-204.772 	159.015 	126.176 	-110.127 	
377.653 	-806.241 	-31.952 	11.056 	-3.651 	-42.210 	
276.281 	-645.678 	-39.551 	36.269 	-8.550 	11.041 	
32.213 	-1414.473 	142.974 	-183.986 	-112.010 	180.555 	
-15.187 	-1660.169 	109.415 	-10.391 	-9.578 	-3.570 	
-10314.873 	737.945 	-3459.723 	-267.030 	19.173 	-88.814 	
273.491 	-1362.196 	32.584 	34.891 	-20.286 	-16.609 	
8531.810 	-1993.830 	9035.605 	220.752 	-51.519 	233.950 	
202.865 	-1304.607 	52.388 	-16.844 	-23.084 	44.257 	
-439.151 	-341.336 	615.152 	-32.065 	7.708 	50.261 	
175.529 	-1210.770 	-3.260 	-16.984 	-46.071 	-24.458 	
282.036 	-1140.522 	-44.982 	-28.318 	-33.459 	13.981 	
436.926 	-1239.503 	-82.761 	-17.973 	-37.697 	-6.783 	
393.543 	-946.013 	-30.585 	24.271 	-38.508 	63.624 	
432.793 	-1182.779 	-130.801 	-46.103 	-68.224 	-6.795 	
290.544 	-373.328 	-49.391 	25.467 	-11.562 	-0.031 	
394.460 	-1160.763 	31.364 	66.765 	-35.913 	5.057 	
168.354 	-1074.355 	-13.463 	-17.276 	-35.145 	4.711 	
376.742 	-898.303 	19.582 	22.297 	9.431 	0.690 	
137.385 	-1262.718 	-1.906 	-32.191 	-27.159 	-5.033 	
113.230 	-679.008 	75.260 	14.691 	-15.894 	21.628 	
6259.399 	-5757.027 	1658.877 	186.485 	-174.019 	55.411 	
582.549 	-1936.493 	-83.648 	-30.943 	-72.015 	1.047 	
279.909 	-297.962 	-2663.769 	13.000 	-7.503 	-58.096 	
305.518 	-1200.076 	-163.695 	-12.611 	-4.556 	-14.760 	
-30.852 	-1054.382 	650.474 	-21.005 	-24.760 	11.046 	
786.644 	-1271.007 	-125.590 	-19.287 	-65.505 	-17.535 	
490.617 	6356.259 	6237.646 	5.275 	307.672 	289.776 	
40.909 	-1321.829 	192.975 	-31.626 	-43.444 	2.471 	
375.555 	-647.571 	21.692 	-0.677 	-5.811 	25.039 	
-376.442 	-355.834 	-1035.367 	9.854 	-16.836 	-15.990 	
157.965 	-1225.448 	-83.307 	-7.695 	-36.052 	5.064 	
197.598 	-1263.804 	96.245 	3.442 	10.708 	7.654 	
121.444 	-1124.936 	-135.715 	-28.473 	-1.589 	16.445 	
498.657 	-8614.499 	-5090.426 	5.543 	-384.395 	-233.528 	
118.296 	-1105.564 	-55.127 	-30.384 	-19.446 	-7.134 	
-606.740 	-2024.567 	333.563 	-75.031 	-81.314 	23.208 	
192.515 	-1259.581 	111.100 	-29.423 	-20.250 	81.448 	
493.279 	-1702.432 	-113.906 	-36.168 	-80.985 	4.862 	
276.374 	-1579.303 	-335.206 	-21.171 	-41.060 	-4.738 	
304.614 	-1652.138 	66.027 	-28.204 	-31.617 	-10.661 	
964.366 	-53.784 	-517.745 	35.167 	65.438 	-37.284 	
333.285 	-1647.362 	253.256 	-48.625 	-51.967 	3.816 	
354.421 	-580.330 	-73.608 	14.490 	-35.471 	2.366 	
-757.697 	7701.240 	906.045 	-20.815 	189.815 	23.131 	
908.862 	-876.089 	-69.102 	30.449 	-13.469 	-5.296 	
196.691 	-1243.575 	-38.616 	-25.114 	-23.551 	-40.406 	
1138.853 	-1164.115 	-94.200 	10.700 	-64.403 	2.611 	
76.548 	-3719.414 	558.914 	-26.585 	-244.155 	55.458 	
301.695 	-676.398 	52.581 	17.074 	-7.765 	5.592 	
889.577 	-1676.777 	251.307 	-8.224 	-60.315 	15.131 	
1155.743 	4189.843 	5079.839 	34.127 	130.826 	159.040 	
372.840 	-1688.265 	-26.848 	-13.406 	-25.683 	8.679 	
261.250 	-1918.504 	90.126 	-28.566 	-54.691 	-14.288 	
-2991.867 	2811.588 	1075.870 	-90.687 	80.892 	34.331 	
476.489 	-1591.186 	166.643 	-7.344 	-70.986 	25.090 	
313.300 	-401.803 	73.726 	15.052 	15.192 	-10.127 	
260.367 	-168.659 	-133.218 	12.811 	5.555 	13.193 	
311970.475 	75682.458 	72015.605 	8125.858 	1972.107 	1874.604 	
119.153 	-1211.055 	-33.068 	4.502 	-37.033 	-38.282 	
67.499 	-1356.301 	-132.004 	-29.807 	-20.192 	-35.075 	
171.092 	-1442.409 	31.897 	-22.308 	-34.386 	-32.416 	
3.081 	-1697.205 	-267.573 	-46.735 	-62.301 	-3.199 	
281.210 	-1161.746 	19.167 	-83.764 	-36.540 	-10.196 	
1248.203 	1972.748 	-2149.717 	31.900 	43.564 	-46.759 	
185.850 	730.822 	-998.731 	28.548 	285.718 	-151.877 	
224.424 	-1049.339 	-23.898 	-8.737 	-45.135 	4.947 	
232.569 	-1139.963 	68.036 	1.322 	-11.088 	-10.893 	
1015.000 	489.981 	-1677.423 	29.586 	5.700 	-31.653 	
3334.355 	1343.444 	4042.866 	91.401 	36.564 	111.057 	
218.355 	-1652.772 	-33.123 	-3.769 	-21.575 	-22.016 	
-74.422 	399.687 	-198.156 	1.226 	-3.000 	-1.130 	
283.187 	-1472.768 	366.155 	-8.752 	-28.316 	8.915 	
159.641 	-1230.517 	-13.047 	-10.631 	-10.210 	-35.252 	
77.967 	-1456.257 	72.290 	-8.545 	-23.748 	16.432 	
-592.626 	-1009.967 	1409.084 	-0.729 	-23.794 	22.481 	
109.366 	-1472.065 	104.009 	9.371 	-24.361 	-1.587 	
2267.373 	-2777.591 	-1203.001 	83.813 	-100.680 	-49.179 	
-8911.859 	-7502.332 	7356.815 	-257.786 	-213.698 	211.541 	
321.579 	-1264.660 	-88.897 	-34.465 	14.572 	5.917 	
362.006 	-1482.045 	-60.605 	-52.750 	-34.164 	18.541 	
228.803 	631.036 	-206.380 	-16.723 	139.340 	-10.217 	
-102895.846 	-102156.770 	-69016.757 	-3418.740 	-3387.971 	-2289.171 	
345.308 	-298.217 	2125.128 	-2.107 	-5.595 	72.960 	
-48.329 	-1858.644 	-608.964 	-14.403 	-57.429 	-5.168 	
1947.866 	-2532.473 	-5438.677 	54.051 	-68.541 	-152.069 	
80.861 	-1584.181 	154.718 	-24.400 	-17.602 	5.069 	
324.040 	-1796.342 	83.566 	-43.613 	-45.627 	10.675 	
320.403 	-1218.848 	61.348 	-21.834 	2.563 	3.522 	
-288.983 	-353.122 	-127.756 	2.539 	14.567 	-16.990 	
5473.358 	10295.819 	7160.589 	146.358 	273.660 	190.245 	
159.388 	-1495.762 	33.910 	-17.475 	-61.946 	46.173 	
284.190 	-1636.724 	82.661 	-6.258 	-69.707 	-24.709 	
1108.849 	1876.602 	-1466.117 	25.165 	38.258 	-31.162 	
235.877 	-1362.904 	37.765 	-31.123 	-27.059 	14.916 	
-3241.570 	3171.645 	2520.705 	-80.272 	76.366 	63.041 	
702.229 	-518.728 	-375.668 	39.076 	-11.982 	-6.379 	
238.516 	-1961.786 	86.708 	-23.736 	-69.986 	8.046 	
245.768 	-1414.430 	-98.729 	-13.431 	-7.034 	-19.335 	
-967.220 	3378.716 	3769.503 	-28.426 	98.333 	106.248 	
214.029 	-722.421 	-66.106 	-15.519 	-8.402 	-52.710 	
319.301 	-1192.920 	47.087 	-13.595 	-22.776 	15.824 	
2238.919 	-762.940 	977.557 	73.112 	-24.437 	33.946 	
-1419.341 	-2108.400 	-3259.735 	-37.872 	-57.131 	-86.772 	
-1841.853 	-2779.891 	947.555 	-42.020 	-71.562 	23.722 	
2560.398 	-1027.757 	1465.417 	63.969 	-27.264 	25.735 	
2571.815 	-1377.258 	600.136 	54.480 	-44.641 	14.063 	
8175.838 	5716.794 	-5860.264 	231.980 	165.225 	-166.891 	
426.431 	-1142.789 	-1.434 	-34.016 	-3.410 	23.581 	
160.622 	-1319.965 	-385.525 	-17.465 	-36.706 	15.710 	
318.803 	-662.529 	75.382 	35.744 	14.963 	2.272 	
215.886 	-1298.419 	143.965 	-15.627 	-19.111 	-2.720 	
1179.754 	-1340.479 	4035.641 	34.875 	-36.694 	112.637 	
399.741 	-1525.447 	163.315 	-11.881 	-17.222 	6.200 	
258.565 	-1146.716 	28.801 	-11.016 	-16.245 	3.473 	
236.190 	-1262.772 	19.566 	-12.724 	-47.317 	-31.511 	
-597.891 	-781.582 	42.298 	-110.120 	26.972 	-1.331 	
588.562 	-1356.104 	318.776 	13.030 	-38.469 	-36.229 	
3792.816 	-4111.698 	-2388.815 	114.597 	-126.035 	-69.804 	
203.976 	-1261.713 	-77.099 	-18.452 	-13.682 	-110.542 	
2568.090 	536.095 	-8027.306 	75.613 	18.225 	-236.269 	
319.788 	-1212.958 	45.881 	-52.837 	-11.077 	8.714 	
282.109 	-1200.500 	-31.137 	-21.137 	-39.425 	11.608 	
312.981 	-1076.985 	-0.038 	22.457 	-6.885 	4.606 	
360.086 	-1283.052 	132.767 	-9.318 	-2.170 	-2.575 	
670.241 	-1562.933 	-561.411 	5.008 	-53.917 	-26.080 	
319.392 	-1459.966 	-53.854 	-5.599 	3.217 	-33.558 	
1023.527 	-1579.110 	314.486 	2.894 	-73.047 	9.808 	
160.420 	-1195.939 	-23.314 	-37.275 	14.988 	-9.415 	
319.396 	-1572.987 	-100.761 	-27.162 	-12.842 	-9.255 	
268.837 	-1422.882 	-83.131 	-5.418 	6.804 	-5.684 	
525.759 	-1795.499 	-166.643 	-17.048 	-70.797 	4.397 	
5726.596 	9861.727 	-27702.520 	161.202 	284.935 	-794.088 	
8453.823 	8479.005 	11658.383 	315.186 	338.150 	451.203 	
106236.522 	103406.764 	68709.332 	3524.492 	3436.753 	2283.341 	
-311600.684 	-75435.623 	-78700.179 	-8113.917 	-1963.481 	-2050.511 	
1465.816 	-1490.170 	-182.924 	29.722 	-65.770 	-10.531 	
-187.062 	-80.786 	89.258 	-3.056 	24.151 	-13.260 	
277.754 	-1228.273 	-492.030 	9.967 	-50.504 	-36.262 	
1.532 	-834.607 	-90.503 	38.945 	-6.771 	-0.931 	
278.190 	-848.303 	-279.008 	8.405 	-21.643 	-20.652 	
255.232 	-795.639 	76.612 	17.392 	-34.263 	-35.903 	
-10633.160 	1858.753 	3257.814 	-285.776 	46.337 	80.967 	
-2186.430 	-9940.960 	-2453.997 	-81.772 	-274.378 	-72.378 	
1722.524 	-8160.592 	2808.984 	27.011 	-221.966 	78.653 	
339.347 	-672.285 	-161.841 	39.396 	-6.886 	18.013 	
574.394 	-1615.738 	-138.361 	11.063 	-46.571 	24.160 	
259.613 	-902.070 	52.140 	-10.561 	-18.661 	28.604 	
164.359 	-733.589 	-179.911 	-14.623 	-25.667 	23.769 	
1255.055 	1299.673 	1269.323 	119.190 	261.827 	167.045 	
274.343 	-696.183 	-116.466 	23.794 	-19.336 	15.032 	
180.448 	-560.445 	-357.592 	-27.678 	-51.737 	19.065 	
-2958.073 	-1359.498 	1150.290 	-175.596 	-43.667 	57.517 	
271.510 	-813.834 	81.016 	32.244 	-34.005 	24.751 	
515.158 	-847.928 	-72.724 	20.139 	-44.280 	-6.017 	
412.401 	-608.304 	-47.833 	7.888 	-19.339 	-45.052 	
224.550 	-662.364 	-262.763 	25.510 	-36.245 	-8.393 	
531.850 	18.539 	1363.924 	28.429 	53.720 	105.490 	
346.324 	-508.762 	146.410 	-1.732 	-26.630 	-5.413 	
-11205.532 	-95503.378 	5348.562 	-420.621 	-3386.431 	193.186 	
473.292 	-303.597 	6.276 	-0.071 	-15.356 	-1.058 	
318.119 	-330.522 	2.480 	-6.985 	-24.491 	2.467 	
-11.468 	-871.358 	-58.409 	-17.960 	30.426 	-0.147 	
446.136 	-901.667 	-94.307 	-24.035 	-26.161 	-27.012 	
-736.363 	-5110.304 	-328.053 	-41.666 	-146.562 	-13.597 	
1409.660 	1459.750 	-1113.819 	12.163 	31.707 	-24.728 	
7185.027 	-8232.022 	3477.094 	190.911 	-231.915 	100.095 	
424.301 	-943.985 	228.718 	-20.045 	-28.146 	18.122 	
260.191 	-809.907 	106.805 	-29.525 	-68.405 	-18.265 	
316.862 	-891.225 	333.551 	6.435 	-45.649 	26.077 	
4161.132 	-3222.465 	2240.374 	86.065 	-77.156 	54.984 	
-127.745 	-992.054 	-638.124 	5.636 	0.599 	-15.766 	
1481.913 	4039.208 	6539.137 	26.738 	131.091 	195.667 	
317.368 	-1207.095 	81.620 	-18.239 	-64.219 	1.518 	
-2588.651 	-4643.337 	4708.493 	-84.694 	-116.179 	118.629 	
201.697 	-682.892 	-65.420 	8.610 	-53.944 	-11.037 	
401.614 	-661.888 	-100.127 	45.417 	-37.885 	9.932 	
417.022 	-113.280 	113.234 	26.996 	11.526 	13.784 	
523.268 	-627.228 	325.082 	12.575 	-16.395 	-2.632 	
-1863.260 	-1551.268 	-887.980 	-65.166 	-30.096 	-22.386 	
2308.821 	-2965.630 	-5584.213 	108.798 	-124.851 	-285.591 	
4057.491 	1583.055 	1347.233 	101.399 	55.452 	38.816 	
182.284 	-3450.613 	-1286.624 	-17.044 	-78.653 	-27.773 	
175.856 	-646.523 	136.164 	41.085 	-30.432 	17.937 	
258.411 	-1233.100 	-44.933 	-11.033 	-58.843 	42.910 	
1644.540 	-2076.611 	66.943 	17.258 	-45.127 	1.027 	
-251.282 	-43.493 	-1282.829 	-21.902 	27.362 	-60.036 	
224.516 	-582.005 	34.097 	-13.173 	-32.589 	-11.149 	
-6914.127 	12384.242 	-1056.301 	-223.709 	372.786 	-32.809 	
2015.595 	-3212.724 	2529.684 	72.754 	-111.056 	104.305 	
546.472 	-1167.615 	-21.316 	-34.948 	-41.647 	-7.380 	
301.031 	-523.688 	118.393 	44.045 	2.641 	-11.184 	
2430.802 	1352.737 	-6358.374 	145.733 	125.929 	-413.254 	
2690.549 	-594.360 	-1536.574 	126.130 	-4.059 	-83.021 	
492.284 	-973.854 	50.039 	-24.771 	-32.169 	21.525 	
281.289 	-592.878 	130.439 	49.932 	-20.416 	10.526 	
754.795 	1282.786 	-99.196 	21.370 	88.839 	-9.259 	
-713.801 	-2858.026 	-2389.836 	-39.967 	-72.879 	-67.453 	
36.973 	-863.998 	43.049 	-11.260 	-16.977 	-3.907 	
225.074 	-2097.316 	5.793 	-11.325 	-30.090 	-3.509 	
260.807 	-134.516 	-653.662 	-10.048 	4.353 	-3.549 	
-23292.654 	-22293.541 	-99033.738 	-1217.647 	-1122.846 	-5126.220 	
-759.500 	1169.674 	-629.329 	-15.409 	31.258 	-18.102 	
559.220 	-1406.507 	12.723 	31.086 	-25.169 	-16.504 	
212.932 	-770.892 	-26.060 	7.692 	-39.395 	-18.287 	
-294.199 	-913.454 	1680.204 	-28.712 	-17.647 	25.390 	
151.777 	-411.046 	160.779 	20.589 	-10.646 	-12.117 	
599.913 	-840.432 	-48.290 	19.001 	-33.562 	4.700 	
186.736 	-549.157 	663.038 	6.197 	-5.690 	21.001 	
142.879 	-680.315 	-61.826 	27.627 	-16.480 	-26.327 	
143.749 	-821.055 	-66.822 	-5.491 	-19.830 	1.619 	
363.730 	-481.040 	96.602 	6.765 	-39.993 	2.594 	
-321.393 	1648.729 	-109.201 	-23.853 	111.190 	-5.205 	
8866.177 	1474.074 	-9688.760 	409.753 	98.303 	-455.683 	
377.985 	-899.099 	-45.750 	9.489 	-43.496 	15.375 	
369.881 	-681.991 	45.698 	7.194 	-35.870 	5.586 	
330.139 	-513.921 	-239.904 	52.310 	-7.742 	-7.234 	
216.955 	-1417.107 	71.799 	2.149 	-49.814 	7.219 	
470.557 	-1061.246 	133.327 	13.532 	-49.987 	-15.377 	
4039.404 	229.027 	-272.425 	99.508 	12.191 	-9.355 	
-1028.420 	-4622.496 	-844.216 	-49.147 	-133.531 	-22.980 	
358.750 	-879.310 	-69.644 	24.291 	-51.035 	5.385 	
116.579 	-775.442 	-92.646 	7.341 	-18.935 	-23.094 	
101.261 	-1495.127 	162.042 	-34.271 	-37.412 	-4.361 	
277.821 	-811.043 	117.914 	24.708 	-49.739 	-25.723 	
156.481 	-953.564 	78.759 	16.199 	-61.883 	-9.058 	
456.409 	-1899.983 	2715.071 	-2.920 	-49.226 	88.756 	
117.510 	-1044.084 	-162.505 	-2.204 	-37.477 	-26.388 	
1477.082 	-1270.178 	13.627 	40.355 	-20.179 	-0.628 	
-3795.753 	3297.557 	-2891.542 	-128.110 	98.029 	-79.020 	
-522.688 	-3415.655 	-1931.791 	-104.777 	-334.444 	-237.014 	
185.224 	-1103.288 	61.006 	5.951 	-47.244 	-18.306 	
71.414 	-964.491 	-65.146 	35.186 	-11.255 	-21.338 	
566.628 	-1033.671 	-115.224 	33.960 	-39.450 	-10.029 	
558.082 	-897.999 	-128.411 	-0.519 	-28.468 	27.304 	
-1547.837 	-517.848 	1598.294 	-62.713 	-1.476 	46.694 	
289.488 	-785.171 	-93.336 	-19.130 	-27.381 	-22.796 	
-509.044 	-1166.554 	338.991 	-99.895 	-70.169 	56.113 	
-503.429 	-2195.172 	-677.309 	-21.076 	-42.329 	-9.627 	
1233.962 	-81.802 	-808.687 	43.497 	18.662 	-38.190 	
-441.241 	-589.244 	31.381 	8.640 	-12.151 	0.778 	
106.063 	-736.484 	-110.397 	-19.899 	-32.908 	-3.822 	
-144.541 	-403.510 	15.086 	-40.873 	3.274 	-14.289 	
290.201 	-924.827 	-94.260 	-3.408 	-48.073 	-31.784 	
326.802 	-946.840 	-100.926 	-39.056 	-15.263 	14.202 	
381.347 	-5457.672 	-7613.048 	-6.239 	-154.592 	-229.862 	
29.133 	-997.285 	-0.311 	14.187 	-42.367 	2.225 	
-9216.869 	4643.845 	-6212.651 	-286.699 	143.074 	-181.517 	
240.413 	-501.563 	-465.080 	-8.720 	-15.355 	-7.988 	
630.013 	-1036.774 	75.453 	-2.111 	-49.475 	-3.687 	
-826.885 	-2953.681 	6187.538 	-65.908 	-153.869 	401.506 	
426.667 	-584.384 	29.442 	-19.459 	-41.714 	-7.165 	
387.350 	-914.409 	-17.196 	-21.257 	-29.487 	1.763 	
513.343 	-834.407 	-36.501 	13.788 	-41.909 	-8.237 	
276.294 	-408.363 	-295.741 	-12.881 	-14.626 	-27.374 	
-208.950 	-740.948 	-260.895 	10.146 	9.115 	14.762 	
1509.923 	3290.082 	-2906.225 	30.324 	115.523 	-96.913 	
133.574 	-808.522 	-90.630 	11.990 	-30.468 	-12.922 	
9422.950 	-4226.336 	-2318.957 	216.824 	-105.319 	-57.677 	
-9149.527 	-19969.090 	25633.621 	-462.956 	-943.816 	1249.486 	
178.315 	-837.399 	-69.382 	-13.418 	-20.828 	-34.546 	
-421.106 	-837.825 	285.183 	-6.944 	-11.290 	-1.767 	
-375.003 	-934.525 	-656.128 	-24.425 	-21.905 	-19.772 	
202.751 	-1378.365 	-16.162 	-63.280 	-26.138 	-7.555 	
175.324 	-729.042 	65.930 	-0.932 	-50.017 	-33.774 	
-5027.848 	-1818.246 	-1453.759 	-140.938 	-43.166 	-31.589 	
3524.801 	13649.959 	-12975.806 	71.577 	352.727 	-334.974 	
1406.253 	148.795 	-2552.698 	18.722 	1.463 	-60.872 	
1009.455 	-752.612 	-248.393 	101.976 	-14.247 	-17.853 	
-390.460 	-586.632 	-47.566 	11.151 	-13.993 	-7.607 	
-327.031 	-511.237 	-216.329 	0.323 	-7.937 	6.712 	
515.824 	-612.142 	142.965 	1.716 	-38.021 	23.422 	
421.580 	-1127.474 	-28.801 	12.562 	-54.498 	-36.523 	
350.881 	-1195.177 	57.300 	-39.407 	-67.648 	-6.771 	
127.715 	-711.743 	-32.209 	20.125 	-6.016 	-2.246 	
480.848 	-666.521 	137.591 	14.567 	-34.663 	-3.527 	
480.654 	-1122.411 	-163.825 	-14.652 	-36.267 	19.865 	
194.060 	-1038.231 	-11.940 	-11.427 	-29.165 	-5.563 	
2751.887 	-417.876 	3243.468 	66.456 	-6.243 	100.741 	
97.027 	-1899.779 	-336.351 	-3.613 	-14.027 	8.532 	
494.982 	6390.767 	-561.002 	-5.906 	189.867 	-19.095 	
2333.808 	-539.368 	-2600.369 	35.145 	-11.982 	-63.130 	
543.312 	-1252.622 	-44.694 	48.834 	-102.062 	-22.112 	
479.333 	-568.798 	375.023 	14.792 	19.096 	3.341 	
318.109 	-928.038 	86.271 	-4.442 	-30.289 	-18.505 	
382.835 	-1308.592 	-19.475 	6.339 	-72.553 	-31.226 	
208.071 	-717.652 	-214.858 	22.716 	-13.125 	34.346 	
316.773 	-598.470 	-130.580 	27.814 	-10.098 	7.434 	
207.109 	-864.483 	-69.697 	26.185 	-6.246 	6.575 	
358.912 	-64.261 	-541.584 	12.973 	-1.112 	-24.807 	
-5134.000 	2926.429 	-3505.759 	-236.540 	153.661 	-155.460 	
184.544 	-749.265 	-73.194 	47.240 	-45.601 	3.430 	
214.548 	-945.535 	-45.135 	-21.654 	-51.896 	12.929 	
77.729 	-977.706 	157.357 	15.960 	-42.655 	-3.174 	
162.959 	-277.877 	-341.834 	25.886 	8.449 	-13.693 	
189.284 	-476.291 	-64.050 	9.306 	-6.807 	-24.376 	
111.822 	-318.836 	-251.803 	4.309 	-18.417 	-21.050 	
313.718 	-622.247 	-93.748 	-29.676 	-28.854 	-0.039 	
217.954 	-701.973 	41.135 	38.313 	26.393 	-6.114 	
48.013 	-985.611 	192.200 	23.841 	-36.594 	32.591 	
-607.564 	-617.472 	2577.262 	-35.103 	-8.225 	69.898 	
4897.111 	-13610.212 	3413.878 	125.521 	-395.508 	99.306 	
-2721.699 	-4537.685 	4322.789 	-106.898 	-139.133 	142.464 	
98.081 	-725.563 	37.546 	-20.399 	-0.574 	34.161 	
785.204 	-971.974 	422.049 	-23.881 	-18.431 	-9.446 	
234.096 	-1709.536 	-125.308 	-24.968 	-46.955 	2.261 	
591.753 	-765.195 	-198.646 	8.582 	-15.384 	-23.715 	
244.346 	-1072.099 	-9.364 	15.953 	-72.109 	47.961 	
575.424 	-678.837 	154.685 	2.390 	-30.073 	14.506 	
297.197 	-1791.418 	-100.964 	-46.409 	-52.397 	-8.133 	
465.186 	-655.885 	-123.779 	5.882 	-24.370 	28.823 	
-1523.007 	285.879 	6806.709 	-87.437 	41.265 	348.447 	
22758.391 	22036.367 	97573.028 	1164.822 	1170.578 	5045.311 	
-1934.806 	427.432 	457.871 	-128.137 	66.355 	22.952 	
2680.993 	-4810.276 	1254.900 	100.217 	-179.858 	52.466 	
152.875 	-1649.629 	-73.201 	-49.754 	-50.736 	4.966 	
155.041 	-943.205 	66.828 	0.534 	-5.891 	9.112 	
1138.108 	-1303.837 	207.724 	28.703 	-29.793 	12.051 	
310.370 	-1644.055 	-946.875 	-12.744 	-27.212 	-12.035 	
201.336 	-1047.778 	103.115 	-5.323 	-45.348 	-26.575 	
775.087 	-1246.573 	-3753.728 	1.803 	-25.084 	-104.193 	
357.446 	-699.399 	-31.550 	28.434 	-28.653 	25.627 	
178.721 	-1332.930 	38.404 	-41.588 	-14.960 	-7.571 	
144.982 	-1372.408 	3.015 	8.196 	-48.343 	24.600 	
276.672 	-921.142 	-92.865 	5.657 	-34.594 	-0.369 	
27.274 	-1307.110 	-104.348 	20.182 	6.103 	1.854 	
-4543.174 	-8042.300 	6191.525 	-152.683 	-230.245 	183.869 	
430.704 	-599.878 	-163.657 	32.099 	-30.793 	-37.443 	
353.588 	-1307.812 	30.074 	29.536 	-51.246 	-9.252 	
5436.404 	1201.321 	-40.636 	121.240 	29.651 	-1.323 	
363.321 	-1341.468 	-4.245 	19.906 	-4.825 	21.050 	
654.851 	-808.058 	-131.098 	-2.252 	-32.165 	11.379 	
-861.152 	-5827.960 	-697.247 	-56.399 	-257.518 	-30.721 	
-59.546 	-1379.955 	-557.564 	-12.425 	-48.494 	-35.690 	
274.412 	-1125.151 	20.924 	-27.446 	-60.779 	18.114 	
168.807 	-1006.003 	-136.885 	30.366 	-21.733 	5.253 	
246.931 	-953.731 	75.541 	15.798 	-36.230 	-3.751 	
253.159 	-818.739 	-166.173 	6.130 	-20.909 	23.409 	
-1351.727 	-1640.519 	-393.632 	-34.009 	-25.096 	-5.554 	
595.873 	-321.482 	-300.741 	9.553 	-6.837 	-6.401 	
500.626 	-1933.306 	954.269 	-13.826 	-26.620 	13.785 	
149.582 	-901.391 	252.127 	-2.459 	-38.840 	-12.361 	
665.208 	-1213.499 	-7.264 	-2.816 	-36.964 	-6.203 	
351.637 	-1218.474 	-132.363 	-3.012 	-51.384 	-43.959 	
9.865 	-1131.362 	538.177 	6.185 	-40.374 	22.526 	
175.524 	-949.050 	60.708 	16.298 	2.463 	41.627 	
-8204.447 	-15022.565 	12058.468 	-231.361 	-387.537 	311.263 	
3176.099 	1017.158 	-1496.739 	70.690 	34.837 	-41.187 	
609.073 	-1333.162 	11.083 	9.096 	-77.373 	-15.768 	
940.887 	-1353.179 	1262.200 	16.895 	-26.617 	36.592 	
-643.280 	1521.692 	49.202 	-48.284 	118.813 	5.166 	
310.928 	-1348.035 	-43.023 	-57.298 	-48.091 	-9.798 	
-503.989 	470.967 	-607.125 	-25.911 	33.419 	-20.092 	
9286.178 	9265.952 	-7087.352 	266.673 	296.248 	-219.032 	
210.922 	-953.505 	-163.365 	11.105 	-38.124 	2.522 	
292.295 	-705.654 	-329.935 	-26.258 	-23.859 	2.651 	
382.130 	-5014.864 	5068.825 	-8.811 	-137.046 	152.134 	
660.463 	-1081.421 	-141.281 	28.530 	-27.202 	16.891 	
401.735 	-1321.875 	-22.747 	0.728 	-45.142 	-6.945 	
312.334 	-1263.745 	-115.392 	-38.155 	-57.678 	-9.065 	
7.977 	-143.816 	-251.495 	-1.433 	3.125 	-7.396 	
-10552.775 	-12705.881 	12041.787 	-344.247 	-380.470 	370.244 	
694.740 	-951.804 	247.078 	5.010 	-22.310 	-13.665 	
397.342 	-912.914 	68.822 	0.853 	-38.433 	-30.022 	
755.912 	-674.474 	259.401 	27.179 	-6.259 	3.309 	
327.406 	-794.002 	-98.109 	32.188 	-21.150 	5.134 	
-32960.873 	59429.111 	6740.527 	-1387.943 	2495.534 	279.993 	
8695.312 	19347.023 	-25493.089 	405.140 	968.690 	-1237.546 	
-2957.531 	-5491.824 	-756.667 	-112.032 	-165.972 	-28.713 	
-17.044 	-1725.796 	-140.723 	5.662 	-64.940 	-3.942 	
1979.729 	6141.464 	-180.868 	83.089 	329.242 	-5.775 	
249.450 	-675.564 	-113.090 	-14.824 	-39.142 	-38.155 	
1761.382 	-5547.729 	-182.537 	30.882 	-138.696 	-7.579 	
388.664 	-549.343 	387.643 	72.102 	5.552 	34.739 	
14409.043 	91086.479 	-5805.189 	491.998 	3261.659 	-204.209 	
-7.326 	-528.717 	-171.547 	17.360 	7.277 	-38.709 	
357.842 	-1390.659 	-115.501 	-22.870 	-16.960 	-12.585 	
2823.340 	-2579.212 	-2478.382 	80.200 	-71.333 	-84.848 	
439.638 	-583.403 	39.954 	28.183 	-33.401 	9.588 	
475.170 	-984.816 	35.263 	-2.908 	-35.035 	24.148 	
2231.142 	1768.675 	-4730.468 	57.550 	70.270 	-158.198 	
176.400 	-856.012 	15.789 	-5.039 	-51.726 	35.406 	
-207.662 	-1965.903 	393.223 	-7.251 	-37.852 	5.524 	
-8244.231 	-3275.631 	9990.590 	-397.615 	-125.826 	472.726 	
1125.174 	-877.417 	-2886.367 	56.759 	-18.157 	-173.124 	
33123.288 	-60785.464 	-4850.703 	1359.766 	-2502.883 	-201.952 	
292.649 	-1053.667 	-16.855 	53.173 	-15.898 	10.372 	
