## Las primeras 200 lineas corresponden a la esfera 1 
##las siguienets 250 lineas a la esfera 2
## Las primeras tres columnas corresponden a la posición en 'x', 'y' y 'z', dadas en kpc, las siguientes tres a las velocidades, dadas en km/s
10.750 	-1182.350 	227.688 	11.660 	-25.014 	-8.681 	
586.359 	-2177.590 	27.550 	-6.410 	-61.207 	3.365 	
281.491 	-805.967 	402.317 	15.928 	-9.513 	27.241 	
447.528 	59.757 	352.307 	19.384 	25.208 	12.372 	
429.306 	-1598.546 	58.258 	-24.519 	2.765 	1.145 	
0.263 	-1470.810 	-7.701 	19.562 	-0.329 	-23.721 	
350.883 	-1077.226 	44.731 	-17.963 	-49.820 	41.937 	
174.192 	-1360.696 	-250.048 	-0.149 	-2.911 	9.468 	
282.532 	-1581.970 	244.284 	-30.336 	-1.682 	2.384 	
323.829 	-1310.434 	104.587 	0.750 	1.748 	-3.907 	
-151.880 	-590.009 	-552.853 	23.371 	-16.999 	6.278 	
-1064.237 	-4972.653 	-4860.447 	-21.990 	-97.844 	-94.777 	
69.429 	-1577.794 	-112.030 	0.835 	-0.246 	3.121 	
49.374 	-1393.419 	-42.688 	10.202 	-19.162 	30.117 	
-9.357 	-1388.939 	205.064 	4.517 	-5.657 	-13.977 	
2084.262 	1719.153 	-5857.194 	51.087 	52.355 	-160.381 	
-1.607 	-1649.854 	182.817 	2.879 	-24.436 	5.353 	
1282.621 	-2430.634 	683.810 	13.879 	-73.864 	20.768 	
485.770 	-1492.103 	-3337.973 	1.095 	-37.493 	-93.658 	
365.702 	-3229.543 	-2337.535 	3.993 	-122.470 	-125.265 	
-2290.484 	-833.285 	1780.938 	-45.153 	-21.505 	37.216 	
88.563 	-920.113 	-11.701 	-13.045 	-24.335 	-2.603 	
2173.239 	-2510.271 	246.533 	32.838 	-58.888 	8.066 	
203.792 	-5180.165 	1936.775 	12.969 	-297.238 	143.261 	
385.548 	-2362.180 	244.902 	-26.129 	-52.127 	8.206 	
-65.528 	-1389.776 	138.033 	7.754 	-4.646 	9.472 	
25.016 	-1281.210 	-94.265 	-10.897 	-6.618 	0.579 	
70.689 	-1412.385 	-24.953 	-28.372 	2.900 	-24.325 	
3055.008 	-7173.405 	3937.817 	70.905 	-163.330 	89.658 	
-6454.668 	-15262.966 	-16563.124 	-194.944 	-432.426 	-477.315 	
254.971 	-1385.275 	-10.432 	-41.193 	4.049 	-8.709 	
-3.138 	-1340.674 	10.452 	-16.590 	23.866 	7.612 	
-261.725 	-2039.386 	247.519 	-33.144 	-34.890 	0.192 	
-4777.260 	-13401.012 	-5925.936 	-101.844 	-287.754 	-127.290 	
950.830 	-3276.939 	5935.068 	19.928 	-85.264 	162.845 	
717.741 	-2238.690 	190.452 	-10.152 	-39.476 	-5.069 	
-467.674 	73.664 	1780.391 	-39.531 	56.022 	92.799 	
368.299 	-1091.882 	36.956 	17.086 	-55.757 	8.606 	
310.127 	-733.783 	-156.789 	41.574 	-26.137 	-12.275 	
-96.811 	-1618.620 	126.532 	-18.077 	-5.724 	-31.284 	
380.312 	-1306.853 	-160.769 	4.644 	14.454 	-18.367 	
319.740 	-1069.808 	7.341 	24.583 	-20.648 	-15.523 	
285.116 	-649.305 	-93.535 	24.498 	-32.758 	5.695 	
189.834 	-1378.528 	330.195 	-0.912 	-5.361 	19.287 	
41.181 	-1836.961 	33.961 	-14.805 	-23.158 	37.910 	
1398.561 	-1975.599 	12.311 	3.939 	-59.188 	3.488 	
6046.779 	5333.428 	1750.428 	131.309 	113.562 	37.778 	
649.539 	-2734.551 	-393.006 	-10.340 	-70.935 	-7.951 	
276.913 	-1393.568 	405.835 	-7.519 	-17.182 	-7.909 	
6056.857 	-4738.249 	682.810 	134.484 	-109.793 	20.589 	
595.210 	-2362.658 	-519.861 	-9.457 	-62.285 	-10.206 	
585.488 	-9842.811 	-8203.614 	12.061 	-204.733 	-168.880 	
338.119 	-2979.225 	-38.273 	-9.608 	-62.899 	-0.457 	
84.358 	-1369.140 	107.364 	-2.545 	-31.714 	7.310 	
537.397 	559.402 	-892.470 	12.021 	2.002 	-15.017 	
-6296.502 	-17586.349 	33923.615 	-146.627 	-400.893 	777.151 	
338.163 	-1386.955 	43.477 	32.227 	-19.746 	-18.653 	
130.764 	-1453.869 	4.944 	2.444 	-39.605 	-8.439 	
8682.860 	5055.492 	-5567.909 	193.377 	111.600 	-123.059 	
11.959 	-1383.733 	-215.374 	-5.367 	11.058 	-11.866 	
-48.715 	67.528 	1357.843 	6.525 	-7.909 	18.719 	
-104.157 	-1591.637 	90.468 	-16.416 	13.607 	-30.195 	
105.208 	935.684 	-1352.631 	10.153 	9.747 	-21.263 	
1805.568 	-17.745 	-1124.192 	151.088 	124.483 	-101.514 	
339.675 	-935.137 	-289.985 	-9.801 	-25.046 	-14.224 	
537.856 	-874.193 	46.013 	9.429 	-43.065 	7.662 	
-1526.984 	-2384.922 	1726.408 	-173.913 	-108.261 	176.745 	
-11.160 	-1624.890 	104.027 	15.092 	15.361 	10.921 	
-12688.464 	908.337 	-4249.191 	-266.934 	19.159 	-88.784 	
454.472 	-1404.092 	-139.781 	4.791 	4.378 	-12.689 	
10494.145 	-2451.829 	11115.249 	220.694 	-51.512 	233.886 	
217.075 	-1356.576 	133.840 	7.559 	0.994 	-18.575 	
-707.580 	-286.641 	1046.339 	-28.803 	4.946 	47.129 	
222.539 	-1480.357 	-188.226 	3.984 	-13.828 	13.635 	
70.658 	-1488.571 	54.594 	-8.452 	-30.404 	-24.692 	
81.495 	-1473.445 	-42.428 	-55.924 	-5.328 	15.232 	
478.252 	-1306.269 	395.818 	-0.594 	-41.272 	33.120 	
-58.968 	-1684.706 	-14.670 	-52.527 	-33.494 	25.480 	
494.344 	-568.514 	-8.142 	18.543 	-29.962 	7.126 	
824.582 	-1440.195 	21.714 	35.294 	-27.216 	-3.654 	
168.766 	-1479.420 	-32.567 	-9.569 	-70.389 	-20.050 	
410.041 	-900.432 	-38.073 	-14.864 	-17.440 	-2.993 	
122.470 	-1437.951 	-8.426 	21.054 	-13.337 	16.715 	
337.282 	-938.486 	147.381 	34.442 	-40.386 	-7.701 	
7916.603 	-7303.581 	2151.307 	186.328 	-173.899 	55.368 	
286.649 	-2517.826 	-69.272 	-34.718 	-59.492 	2.041 	
395.719 	-366.417 	-3173.825 	13.039 	-7.873 	-56.733 	
166.037 	-1274.799 	-58.896 	-11.875 	-17.169 	34.440 	
-187.488 	-1279.513 	690.516 	-14.241 	-25.883 	-1.248 	
529.861 	-1818.457 	-237.061 	-36.075 	-56.478 	-7.316 	
537.515 	9091.161 	8813.519 	5.275 	307.575 	289.695 	
-2.944 	-1650.905 	83.271 	12.819 	-11.937 	-27.885 	
326.188 	-776.945 	104.264 	-5.493 	-27.880 	-7.891 	
-277.219 	-515.427 	-1157.538 	12.301 	-19.055 	-11.580 	
114.746 	-1406.997 	30.756 	-23.899 	-3.973 	-0.597 	
232.916 	-1226.164 	-120.341 	0.829 	-6.488 	-31.185 	
89.080 	-1278.300 	71.164 	12.635 	-33.854 	3.666 	
547.915 	-12031.408 	-7166.286 	5.538 	-384.276 	-233.459 	
116.614 	-1284.895 	-13.538 	25.595 	-28.334 	11.262 	
-1258.235 	-2733.608 	534.218 	-71.998 	-78.602 	22.107 	
2.869 	-1427.293 	640.751 	-17.023 	-17.631 	48.654 	
147.053 	-2354.586 	-52.460 	-41.083 	-66.804 	8.735 	
88.485 	-1876.954 	-294.661 	-20.226 	-26.508 	12.513 	
22.912 	-1929.938 	-5.408 	-29.763 	-21.624 	-9.702 	
1264.567 	511.726 	-840.883 	32.836 	62.235 	-35.710 	
-96.632 	-2028.131 	221.156 	-46.412 	-35.420 	-8.993 	
387.649 	-1043.422 	10.681 	-12.118 	-60.476 	18.006 	
-942.627 	9388.017 	1111.597 	-20.788 	189.648 	23.110 	
1110.617 	-1008.059 	-109.649 	16.147 	-16.020 	-3.804 	
219.426 	-1380.035 	-28.605 	3.526 	-8.707 	23.988 	
1188.355 	-1729.092 	-64.825 	1.113 	-62.327 	3.819 	
-159.330 	-5884.702 	1050.695 	-26.492 	-243.126 	55.216 	
483.398 	-823.099 	8.665 	19.372 	-33.410 	-9.743 	
784.080 	-2184.685 	365.543 	-14.713 	-54.229 	10.504 	
1459.027 	5352.221 	6493.112 	34.101 	130.671 	158.897 	
200.865 	-1819.008 	50.860 	-23.526 	-3.324 	7.283 	
18.729 	-2360.753 	-43.069 	-23.849 	-44.079 	-15.419 	
-3796.772 	3529.253 	1380.694 	-90.403 	80.575 	34.248 	
371.340 	-2152.126 	339.910 	-14.131 	-57.473 	15.353 	
434.220 	-383.247 	-58.019 	12.848 	-8.927 	-16.148 	
373.752 	-188.768 	-10.117 	12.657 	-8.760 	13.909 	
384214.038 	93215.622 	88681.913 	8125.858 	1972.107 	1874.604 	
214.649 	-1445.477 	-187.233 	8.779 	-17.888 	5.759 	
-64.862 	-1471.256 	-317.773 	-2.649 	-8.825 	-7.829 	
79.985 	-1497.943 	-158.059 	-2.138 	10.389 	-0.238 	
-367.803 	-2205.090 	-261.968 	-37.616 	-53.005 	2.979 	
-234.266 	-1472.310 	-66.207 	-33.839 	-36.731 	-7.312 	
1530.720 	2356.928 	-2562.899 	31.662 	42.906 	-46.223 	
439.253 	3263.856 	-2345.264 	28.519 	284.470 	-151.219 	
355.808 	-805.264 	2254.768 	26.020 	61.493 	365.852 	
175.704 	-1396.985 	-87.224 	-20.370 	-36.900 	2.445 	
1274.926 	535.340 	-1952.301 	28.921 	4.572 	-30.268 	
4145.978 	1667.767 	5028.919 	91.195 	36.407 	110.783 	
187.456 	-1729.777 	-188.202 	-4.666 	4.090 	-10.975 	
-57.087 	349.252 	-205.986 	2.551 	-8.178 	-0.641 	
195.922 	-1668.503 	337.886 	-10.748 	-15.252 	-14.716 	
187.022 	-1498.163 	-118.144 	4.143 	-30.111 	8.761 	
108.324 	-1563.661 	159.117 	6.776 	-0.155 	-2.397 	
-590.022 	-1221.291 	1595.204 	1.195 	-23.744 	19.519 	
228.635 	-1535.952 	11.463 	10.799 	11.067 	-17.221 	
3008.622 	-3669.340 	-1637.914 	83.021 	-99.997 	-48.712 	
-11203.482 	-9402.069 	9237.357 	-257.735 	-213.664 	211.503 	
53.368 	-1223.397 	94.553 	-8.795 	3.334 	25.535 	
-115.330 	-1598.299 	114.060 	-41.364 	-19.218 	19.341 	
80.439 	1856.180 	-296.529 	-16.636 	136.812 	-10.094 	
-133290.414 	-132277.784 	-89368.803 	-3418.740 	-3387.971 	-2289.171 	
326.147 	-350.709 	2765.039 	-2.193 	-6.163 	71.144 	
-161.588 	-2341.058 	-627.742 	-11.333 	-51.362 	0.456 	
2428.071 	-3141.552 	-6789.220 	53.972 	-68.472 	-151.766 	
-85.768 	-1608.113 	126.222 	-30.676 	-2.509 	-1.575 	
-59.840 	-2117.478 	149.477 	-41.602 	-28.227 	4.828 	
-150.075 	-1752.657 	185.442 	-56.362 	-55.195 	-2.136 	
-229.715 	-265.948 	-267.912 	9.722 	5.700 	-14.638 	
6774.450 	12728.571 	8851.820 	146.334 	273.609 	190.212 	
27.337 	-1897.691 	394.242 	-13.044 	-35.942 	33.188 	
251.617 	-2047.770 	-197.097 	-5.942 	-36.068 	-29.646 	
1331.391 	2212.163 	-1741.070 	24.907 	37.293 	-30.717 	
63.451 	-1430.876 	21.351 	8.574 	4.833 	-15.879 	
-3954.269 	3849.492 	3080.454 	-80.069 	76.136 	62.887 	
1004.145 	-656.235 	-399.273 	29.510 	-18.264 	0.145 	
43.093 	-2503.387 	130.237 	-20.844 	-54.684 	2.588 	
167.740 	-1284.646 	-33.529 	-9.798 	27.872 	14.187 	
-1219.593 	4251.792 	4713.086 	-28.353 	98.090 	106.033 	
168.200 	-928.038 	-374.210 	1.379 	-35.092 	-20.241 	
133.153 	-901.134 	-209.321 	-11.427 	35.744 	-21.657 	
2881.064 	-981.725 	1275.359 	71.496 	-24.750 	33.135 	
-1754.311 	-2615.407 	-4028.079 	-37.509 	-56.937 	-86.118 	
-2210.856 	-3412.472 	1156.355 	-41.050 	-70.780 	23.275 	
3123.283 	-1270.096 	1690.125 	62.733 	-27.244 	24.873 	
3047.814 	-1772.850 	723.081 	52.727 	-44.356 	13.627 	
10237.972 	7185.479 	-7343.803 	231.917 	165.171 	-166.845 	
26.446 	-1220.127 	88.677 	-34.168 	-22.408 	-9.496 	
62.659 	-1579.679 	-93.676 	9.857 	-18.987 	54.587 	
534.318 	-738.435 	-27.087 	14.653 	-25.769 	-14.058 	
220.911 	-1435.741 	-141.311 	22.933 	-15.755 	-46.920 	
1489.125 	-1666.566 	5034.067 	34.730 	-36.662 	112.014 	
241.284 	-1573.453 	132.113 	-26.053 	4.848 	-13.686 	
75.584 	-1456.852 	-31.440 	-37.695 	-10.810 	-36.590 	
166.098 	-1465.339 	-159.942 	0.774 	-0.982 	3.265 	
-1544.582 	-549.129 	28.794 	-104.262 	25.462 	-1.606 	
622.903 	-1654.511 	-63.339 	-5.599 	-27.330 	-46.264 	
4810.274 	-5231.023 	-3008.512 	114.311 	-125.786 	-69.618 	
88.154 	-1356.124 	-860.201 	-10.993 	-9.696 	-77.849 	
3240.117 	698.016 	-10127.026 	75.569 	18.204 	-236.094 	
43.517 	-1328.043 	-22.752 	-13.705 	-19.527 	-23.678 	
60.516 	-1452.520 	50.084 	-20.986 	-8.700 	-9.968 	
442.715 	-1092.365 	18.668 	-1.421 	-0.087 	1.108 	
111.340 	-1311.426 	-94.771 	-28.594 	-19.831 	-31.942 	
691.214 	-2019.864 	-756.028 	0.249 	-49.117 	-18.489 	
164.318 	-1250.010 	-134.880 	-25.743 	27.559 	20.401 	
1013.873 	-2209.850 	384.064 	-4.309 	-68.787 	6.189 	
32.134 	-1165.518 	-57.304 	6.444 	-7.037 	1.912 	
49.282 	-1524.533 	-95.925 	-31.814 	22.993 	10.038 	
137.343 	-1299.155 	-47.828 	-10.957 	10.316 	14.285 	
342.571 	-2363.179 	-100.533 	-23.288 	-58.554 	9.342 	
7159.761 	12394.943 	-34762.354 	161.199 	284.930 	-794.074 	
11255.903 	11485.238 	15669.696 	315.165 	338.127 	451.174 	
137571.289 	133961.480 	89009.550 	3524.492 	3436.753 	2283.341 	
-383738.084 	-92892.102 	-96930.407 	-8113.917 	-1963.481 	-2050.511 	
1705.181 	-2065.215 	-269.481 	24.666 	-63.712 	-9.121 	
-195.204 	98.892 	-35.056 	0.670 	16.998 	-14.446 	
357.511 	-1657.705 	-731.519 	7.785 	-46.072 	-19.802 	
495.007 	-984.111 	-44.765 	53.605 	-27.028 	18.080 	
333.436 	-1051.037 	-283.769 	3.618 	-25.615 	19.295 	
373.215 	-1155.736 	-192.436 	8.554 	-40.567 	-12.072 	
-13173.460 	2270.605 	3977.532 	-285.689 	46.314 	80.941 	
-2913.253 	-12379.722 	-3097.330 	-81.735 	-274.249 	-72.347 	
1962.505 	-10133.074 	3507.899 	26.977 	-221.772 	78.578 	
543.017 	-831.757 	99.632 	3.161 	-34.932 	28.890 	
616.166 	-1971.893 	102.067 	-0.322 	-34.670 	26.935 	
192.926 	-1180.968 	111.431 	3.594 	-39.541 	-10.110 	
213.005 	-1123.079 	76.514 	22.048 	-57.397 	21.633 	
2313.164 	3623.881 	2752.308 	118.908 	261.173 	166.656 	
416.761 	-974.507 	55.909 	11.440 	-47.028 	13.204 	
22.736 	-1091.862 	-83.842 	-1.426 	-68.059 	41.013 	
-4515.510 	-1747.343 	1660.376 	-174.854 	-43.592 	57.263 	
455.876 	-1333.168 	97.748 	6.189 	-64.490 	-16.176 	
518.211 	-1277.940 	-47.357 	-13.348 	-50.062 	15.825 	
373.424 	-927.844 	-336.118 	-11.483 	-48.465 	-17.425 	
425.522 	-1054.957 	-165.932 	16.417 	-48.364 	30.276 	
782.238 	489.055 	2291.989 	27.965 	52.337 	103.603 	
412.217 	-948.805 	-4.991 	14.211 	-72.982 	-24.007 	
-14945.091 	-125610.691 	7066.093 	-420.620 	-3386.429 	193.186 	
420.418 	-540.036 	-11.893 	-9.158 	-39.318 	-3.721 	
282.736 	-665.399 	18.126 	0.439 	-48.012 	1.275 	
-22.650 	-653.662 	-58.898 	7.226 	16.383 	-1.418 	
136.548 	-1124.984 	-140.725 	-28.640 	-24.173 	16.907 	
-1106.109 	-6410.355 	-448.941 	-41.521 	-145.940 	-13.593 	
1514.970 	1736.666 	-1331.719 	11.573 	30.653 	-24.317 	
8881.967 	-10293.498 	4366.807 	190.834 	-231.835 	100.055 	
199.758 	-1220.379 	228.015 	-25.931 	-35.672 	-19.640 	
119.705 	-1540.167 	-72.537 	-4.943 	-87.833 	-5.499 	
354.116 	-1315.095 	430.101 	1.333 	-48.871 	-3.502 	
4924.519 	-3907.490 	2728.158 	85.689 	-76.958 	54.761 	
-49.753 	-992.203 	-725.442 	11.504 	-1.104 	-4.149 	
1719.491 	5204.206 	8277.996 	26.710 	130.991 	195.514 	
1.942 	-1548.909 	-160.484 	-29.562 	-23.062 	-23.866 	
-3341.660 	-5675.429 	5761.282 	-84.740 	-116.032 	118.232 	
341.225 	-1267.323 	-117.475 	11.413 	-65.622 	9.878 	
637.849 	-1005.273 	36.137 	6.630 	-42.531 	17.923 	
639.760 	-62.839 	223.466 	23.357 	1.309 	11.302 	
573.440 	-823.713 	213.713 	-1.666 	-29.587 	-22.769 	
-2434.684 	-1817.232 	-1083.718 	-63.501 	-29.769 	-21.700 	
3275.525 	-4075.049 	-8121.981 	108.688 	-124.742 	-285.332 	
4957.130 	2074.761 	1691.599 	101.011 	55.181 	38.663 	
31.051 	-4143.667 	-1530.175 	-16.970 	-77.333 	-27.062 	
555.883 	-997.494 	134.120 	34.903 	-45.139 	-17.003 	
95.991 	-1445.940 	214.803 	-16.360 	-8.711 	7.547 	
1785.060 	-2466.895 	76.037 	14.463 	-42.798 	0.994 	
-441.043 	191.840 	-1804.466 	-20.899 	25.757 	-57.618 	
191.018 	-1053.950 	-134.149 	2.768 	-70.568 	-20.638 	
-8902.899 	15698.290 	-1347.975 	-223.682 	372.737 	-32.805 	
2660.833 	-4198.113 	3454.636 	72.429 	-110.657 	103.820 	
42.241 	-1550.218 	-42.055 	-66.506 	-32.552 	-0.566 	
671.271 	-702.291 	-17.187 	31.560 	-33.668 	-17.514 	
3726.146 	2471.942 	-10031.531 	145.672 	125.853 	-413.077 	
3807.345 	-631.120 	-2271.983 	125.212 	-4.192 	-82.480 	
227.207 	-1254.336 	131.131 	-48.484 	-28.346 	-6.319 	
661.409 	-873.059 	75.772 	29.005 	-41.555 	-16.105 	
942.662 	2064.364 	-181.705 	20.944 	87.184 	-9.298 	
-1067.382 	-3503.221 	-2985.656 	-39.597 	-72.299 	-66.647 	
118.129 	-1071.426 	-48.864 	27.197 	-32.437 	-17.883 	
124.033 	-2294.809 	-16.491 	-11.794 	-15.828 	-2.985 	
176.522 	-124.510 	-656.041 	-8.911 	-1.962 	2.326 	
-34118.236 	-32276.290 	-144608.783 	-1217.647 	-1122.846 	-5126.219 	
-892.358 	1440.251 	-788.047 	-14.552 	29.711 	-17.639 	
787.387 	-1610.448 	-140.069 	17.103 	-19.586 	-15.824 	
256.921 	-1162.745 	-145.810 	-2.134 	-51.666 	4.901 	
-545.257 	-1071.511 	1891.583 	-27.767 	-17.935 	22.302 	
370.481 	-607.461 	-6.448 	26.053 	-34.058 	-24.669 	
579.520 	-1156.907 	-26.062 	-23.466 	-36.070 	3.297 	
247.165 	-624.165 	804.544 	7.186 	-10.970 	11.614 	
465.969 	-1015.910 	-192.199 	30.450 	-53.430 	-0.738 	
296.001 	-1018.990 	-139.371 	31.078 	-38.866 	-5.057 	
334.998 	-940.946 	58.183 	1.404 	-69.102 	-12.323 	
-532.662 	2630.654 	-155.228 	-23.689 	109.871 	-5.155 	
12508.897 	2347.991 	-13739.794 	409.708 	98.292 	-455.633 	
397.009 	-1343.025 	51.091 	-11.602 	-49.749 	11.480 	
387.387 	-1005.988 	-39.718 	5.508 	-40.926 	-16.306 	
746.716 	-672.336 	-233.935 	40.869 	-24.781 	5.728 	
183.567 	-1656.659 	38.283 	-8.233 	-5.146 	-7.947 	
447.667 	-1471.963 	-79.715 	-17.159 	-39.213 	-24.355 	
4920.894 	336.415 	-355.423 	98.839 	11.982 	-9.319 	
-1464.006 	-5806.712 	-1047.647 	-48.863 	-132.918 	-22.797 	
326.811 	-1331.326 	59.061 	-25.262 	-48.535 	2.040 	
299.416 	-1048.275 	-111.318 	19.550 	-40.446 	16.653 	
-71.746 	-1720.648 	76.252 	-4.804 	-7.320 	-13.175 	
381.263 	-1149.315 	-223.756 	-8.827 	-37.327 	-29.717 	
317.480 	-1430.514 	-81.618 	0.564 	-48.862 	-13.170 	
430.152 	-2335.880 	3498.543 	-2.980 	-48.863 	87.589 	
196.539 	-1405.056 	-199.970 	15.397 	-44.785 	18.216 	
1806.934 	-1448.465 	7.154 	34.420 	-19.895 	-0.783 	
-4933.935 	4168.251 	-3593.532 	-127.944 	97.854 	-78.906 	
-1453.235 	-6386.265 	-4036.786 	-104.598 	-333.935 	-236.616 	
213.296 	-1566.540 	-143.084 	-12.134 	-38.138 	-11.614 	
480.410 	-1076.717 	-131.253 	39.996 	-17.252 	3.507 	
755.082 	-1374.493 	-142.696 	9.932 	-36.459 	2.659 	
401.421 	-1068.428 	45.034 	-33.777 	-18.894 	8.209 	
-2100.445 	-533.099 	2008.013 	-61.677 	-1.948 	45.562 	
174.493 	-1136.851 	-52.131 	15.947 	-51.241 	25.948 	
-1366.607 	-1785.369 	823.627 	-94.315 	-69.169 	53.474 	
-678.549 	-2556.768 	-752.901 	-18.411 	-39.158 	-7.463 	
1608.995 	74.838 	-1138.727 	41.212 	16.684 	-36.247 	
-304.081 	-722.223 	18.366 	21.751 	-18.135 	-3.508 	
181.570 	-1139.925 	-84.306 	12.317 	-52.275 	-2.971 	
-465.002 	-418.764 	-121.215 	-31.999 	-5.611 	-15.729 	
210.207 	-1336.060 	-4.128 	-11.313 	-46.860 	25.977 	
48.559 	-1051.401 	-53.404 	-10.043 	-16.559 	5.730 	
325.886 	-6831.716 	-9655.968 	-6.237 	-154.515 	-229.719 	
318.794 	-1436.768 	2.437 	30.965 	-43.011 	-6.656 	
-11765.500 	5915.680 	-7826.247 	-286.639 	143.038 	-181.477 	
169.770 	-676.423 	-456.080 	-6.920 	-21.846 	8.882 	
460.867 	-1464.963 	-2.477 	-35.966 	-43.502 	-13.881 	
-1412.648 	-4321.353 	9756.066 	-65.870 	-153.808 	401.291 	
232.487 	-1082.821 	-73.058 	-16.183 	-70.029 	-18.216 	
211.480 	-1264.385 	-92.955 	-18.864 	-56.588 	-24.076 	
516.728 	-1272.112 	-19.634 	-21.293 	-44.111 	3.762 	
157.088 	-604.271 	-475.450 	-13.339 	-27.020 	-12.350 	
-43.022 	-694.916 	-93.557 	26.515 	0.183 	22.494 	
1779.083 	4315.466 	-3766.741 	30.234 	115.175 	-96.685 	
355.055 	-1121.922 	-128.323 	26.113 	-43.743 	0.475 	
11350.054 	-5162.479 	-2831.590 	216.701 	-105.277 	-57.646 	
-13265.457 	-28360.127 	36742.233 	-462.953 	-943.810 	1249.478 	
207.460 	-973.403 	-132.081 	18.645 	-28.286 	10.377 	
-430.577 	-951.380 	245.348 	4.577 	-14.606 	-6.957 	
-561.034 	-1131.912 	-802.395 	-17.887 	-22.552 	-13.595 	
-176.149 	-1469.926 	-47.248 	-22.536 	-3.377 	-1.168 	
310.384 	-1205.042 	-256.970 	24.829 	-51.562 	-16.813 	
-6279.130 	-2201.774 	-1734.142 	-140.573 	-43.115 	-31.492 	
4161.135 	16785.782 	-15953.807 	71.572 	352.701 	-334.951 	
1570.560 	159.649 	-3089.015 	18.273 	1.010 	-59.840 	
1878.715 	-889.311 	-395.549 	95.036 	-16.020 	-15.815 	
-237.420 	-734.791 	-106.609 	23.187 	-19.423 	-5.774 	
-273.125 	-616.157 	-135.289 	11.312 	-16.307 	11.090 	
466.356 	-1022.092 	215.452 	-9.983 	-47.051 	-13.064 	
381.174 	-1581.332 	-235.827 	-16.618 	-43.807 	-9.945 	
-104.746 	-1625.802 	-1.765 	-37.776 	-34.013 	-5.377 	
442.613 	-937.866 	-69.627 	39.725 	-46.965 	8.226 	
486.810 	-982.033 	41.259 	-13.662 	-37.097 	-7.059 	
193.159 	-1444.416 	90.053 	-47.320 	-27.630 	22.126 	
207.133 	-1324.766 	97.706 	13.223 	-10.310 	27.784 	
3340.891 	-473.844 	4136.678 	66.076 	-6.340 	100.233 	
80.973 	-1965.749 	-216.298 	-0.035 	-0.650 	18.703 	
442.493 	8077.748 	-730.664 	-5.902 	189.649 	-19.073 	
2643.255 	-646.454 	-3157.951 	34.512 	-12.100 	-62.350 	
877.840 	-2110.723 	-195.627 	31.433 	-91.949 	-14.443 	
578.637 	-455.477 	355.263 	8.752 	7.161 	-6.826 	
253.241 	-1238.480 	-115.772 	-15.803 	-41.857 	-8.070 	
362.460 	-1780.021 	-150.305 	-10.484 	-39.426 	-8.471 	
368.699 	-907.711 	154.052 	21.415 	-35.692 	29.446 	
531.447 	-887.785 	69.799 	24.245 	-42.393 	31.856 	
421.093 	-924.854 	-11.277 	22.241 	-19.373 	12.844 	
464.420 	-106.974 	-740.283 	10.929 	-7.790 	-20.079 	
-7236.252 	4292.084 	-4887.431 	-236.394 	153.563 	-155.368 	
402.292 	-1257.311 	11.392 	0.084 	-63.376 	9.060 	
143.280 	-1491.161 	-28.044 	7.635 	-33.920 	-23.693 	
311.170 	-1383.122 	-33.445 	22.822 	-50.521 	-36.031 	
393.781 	-263.296 	-426.817 	25.460 	-3.765 	-6.689 	
283.324 	-653.737 	-242.511 	10.939 	-30.548 	-13.963 	
176.768 	-560.721 	-412.245 	9.712 	-36.629 	-18.836 	
157.036 	-1026.597 	-17.802 	-0.033 	-64.651 	11.258 	
595.141 	-639.946 	-39.581 	39.806 	-9.936 	-6.777 	
324.121 	-1321.499 	309.911 	32.848 	-38.484 	-5.138 	
-917.461 	-691.569 	3192.500 	-34.640 	-8.432 	68.604 	
6012.955 	-17126.205 	4296.681 	125.498 	-395.445 	99.289 	
-3670.749 	-5774.012 	5589.419 	-106.580 	-138.978 	142.475 	
49.760 	-810.618 	266.478 	2.997 	-17.458 	18.446 	
509.162 	-1140.536 	268.774 	-39.294 	-19.595 	-27.313 	
28.898 	-2042.030 	-67.900 	-21.299 	-29.372 	8.510 	
567.709 	-933.025 	-329.661 	-11.489 	-21.407 	-8.256 	
234.969 	-1765.488 	211.340 	-8.683 	-68.409 	7.920 	
452.371 	-981.618 	195.061 	-27.743 	-42.653 	-8.618 	
-108.417 	-2175.292 	-161.140 	-42.470 	-38.032 	-6.898 	
347.385 	-995.034 	113.936 	-21.259 	-46.862 	13.664 	
-2300.101 	652.554 	9903.637 	-87.383 	41.226 	348.253 	
33114.330 	32443.480 	142428.749 	1164.822 	1170.578 	5045.310 	
-3068.911 	1014.185 	660.905 	-127.129 	65.722 	22.752 	
3570.731 	-6407.390 	1720.709 	99.962 	-179.466 	52.335 	
-224.728 	-2017.094 	-11.835 	-36.083 	-34.406 	7.738 	
246.486 	-1085.964 	146.449 	3.921 	-28.220 	-8.248 	
1354.495 	-1561.735 	301.121 	20.631 	-28.306 	9.159 	
196.312 	-1870.438 	-1020.822 	-12.863 	-23.782 	-4.785 	
0.904 	-2227.364 	-2425.721 	-31.698 	-170.271 	-395.392 	
790.819 	-1469.250 	-4676.197 	1.748 	-25.014 	-103.383 	
478.246 	-980.642 	131.677 	4.211 	-35.539 	5.002 	
106.557 	-1366.080 	-101.534 	21.350 	-3.050 	-6.373 	
257.337 	-1633.967 	129.230 	7.657 	-12.854 	5.092 	
512.033 	-1383.058 	175.004 	53.106 	-65.104 	62.398 	
391.208 	-1258.133 	29.735 	40.449 	3.924 	18.688 	
-5900.356 	-10088.941 	7825.912 	-152.629 	-230.168 	183.803 	
624.515 	-956.552 	-383.848 	13.143 	-46.446 	-12.706 	
453.216 	-1555.659 	-158.597 	-3.622 	-14.410 	-17.561 	
6512.557 	1464.216 	-52.396 	120.872 	29.499 	-1.323 	
425.716 	-1357.633 	103.925 	-6.316 	8.284 	-2.803 	
480.527 	-1144.509 	25.011 	-37.699 	-40.652 	20.409 	
-1362.070 	-8115.259 	-970.060 	-56.298 	-257.081 	-30.659 	
-142.271 	-1791.289 	-825.486 	-6.930 	-44.304 	-25.596 	
134.427 	-1540.989 	90.115 	4.816 	-72.201 	44.579 	
380.813 	-1126.243 	-14.173 	8.927 	-7.981 	18.761 	
333.124 	-1259.819 	-95.679 	-1.223 	-34.738 	-28.109 	
294.038 	-1006.527 	121.118 	10.371 	-28.920 	22.181 	
-1640.072 	-1859.290 	-439.819 	-30.986 	-24.195 	-4.864 	
645.813 	-434.256 	-328.891 	2.247 	-17.978 	-0.247 	
373.785 	-2153.949 	1054.076 	-14.629 	-23.151 	8.775 	
210.682 	-1312.656 	-38.712 	12.260 	-59.138 	-49.039 	
505.915 	-1501.112 	-53.628 	-33.275 	-24.674 	-2.987 	
240.391 	-1616.402 	-314.010 	-17.905 	-36.360 	-3.143 	
88.788 	-1480.752 	664.219 	10.395 	-37.864 	5.572 	
263.050 	-1118.872 	108.193 	20.996 	-28.121 	-17.096 	
-10261.324 	-18467.873 	14825.681 	-231.349 	-387.512 	311.243 	
3801.753 	1324.944 	-1861.557 	70.098 	34.430 	-40.902 	
539.062 	-1920.270 	-128.200 	-15.440 	-57.609 	-14.411 	
1082.390 	-1586.692 	1570.112 	15.059 	-25.969 	32.948 	
-1069.441 	2572.204 	94.258 	-47.667 	117.657 	4.998 	
-128.742 	-1584.950 	-88.990 	-31.955 	-11.637 	0.235 	
-726.820 	756.465 	-780.777 	-24.388 	31.041 	-19.086 	
11656.898 	11899.579 	-9034.547 	266.640 	296.209 	-219.006 	
160.275 	-1102.012 	-149.916 	-41.953 	10.187 	-26.071 	
95.527 	-969.565 	-130.538 	-10.995 	-40.084 	36.525 	
303.781 	-6232.435 	6420.292 	-8.814 	-136.869 	151.906 	
782.990 	-1312.110 	32.354 	0.869 	-25.030 	19.737 	
173.613 	-1577.947 	-80.195 	-37.593 	-6.627 	-2.594 	
13.082 	-1625.560 	-25.226 	-25.493 	-22.723 	12.216 	
15.144 	-165.702 	-303.033 	2.413 	-7.132 	-4.540 	
-13613.231 	-16088.393 	15333.369 	-344.226 	-380.452 	370.223 	
636.959 	-1156.824 	68.476 	-20.444 	-23.244 	-26.043 	
183.933 	-1285.958 	-107.646 	-32.070 	-46.018 	9.469 	
931.903 	-760.768 	254.931 	13.453 	-12.795 	-3.537 	
481.238 	-998.124 	17.582 	-2.786 	-23.669 	21.061 	
-45300.482 	81615.836 	9229.830 	-1387.942 	2495.532 	279.993 	
12297.225 	27959.198 	-36495.545 	405.137 	968.683 	-1237.538 	
-3952.416 	-6966.004 	-1011.713 	-111.794 	-165.681 	-28.665 	
80.390 	-2220.021 	-140.079 	13.485 	-46.150 	5.202 	
2718.157 	9067.649 	-232.200 	83.033 	329.047 	-5.773 	
206.493 	-1141.359 	-242.390 	1.633 	-58.989 	9.403 	
2035.151 	-6778.439 	-249.797 	30.716 	-138.197 	-7.553 	
1010.215 	-540.983 	625.112 	67.062 	-1.962 	22.590 	
18783.184 	120084.502 	-7620.722 	491.997 	3261.658 	-204.209 	
208.480 	-525.574 	-464.566 	27.842 	-6.195 	-25.724 	
74.874 	-1379.951 	-22.309 	-26.493 	12.371 	30.285 	
3534.064 	-3212.043 	-3230.490 	79.724 	-71.051 	-84.383 	
487.862 	-1008.732 	48.742 	-19.699 	-58.750 	-18.820 	
210.049 	-1257.876 	124.806 	-25.253 	-37.317 	-8.784 	
2742.097 	2392.479 	-6135.521 	57.405 	70.074 	-157.903 	
318.001 	-1366.094 	218.246 	18.719 	-56.532 	2.915 	
-250.172 	-2270.268 	422.529 	-2.460 	-30.735 	1.023 	
-11779.054 	-4394.253 	14193.157 	-397.574 	-125.817 	472.677 	
1628.263 	-1038.982 	-4420.880 	56.450 	-18.188 	-172.200 	
45212.383 	-83037.525 	-6646.168 	1359.764 	-2502.881 	-201.951 	
525.804 	-1237.392 	93.298 	4.720 	-17.862 	4.899 	
