## Las primeras 200 lineas corresponden a la esfera 1 
##las siguienets 250 lineas a la esfera 2
## Las primeras tres columnas corresponden a la posición en 'x', 'y' y 'z', dadas en kpc, las siguientes tres a las velocidades, dadas en km/s
136.453 	-1383.303 	83.450 	26.338 	-40.095 	-37.589 	
535.975 	-2552.159 	49.877 	-8.919 	-55.392 	3.624 	
384.390 	-891.877 	544.650 	15.656 	-16.677 	17.784 	
571.169 	209.932 	427.099 	19.004 	21.716 	11.001 	
221.119 	-1501.211 	29.865 	-45.243 	26.630 	-12.536 	
221.293 	-1436.132 	-51.927 	37.802 	11.273 	-3.138 	
251.727 	-1416.185 	192.081 	-14.651 	-56.136 	0.126 	
209.533 	-1404.438 	-45.307 	22.092 	-19.864 	49.836 	
76.063 	-1551.604 	179.962 	-29.358 	11.257 	-26.096 	
317.977 	-1288.033 	23.326 	19.853 	3.254 	-25.967 	
13.173 	-715.600 	-496.138 	28.049 	-22.540 	11.411 	
-1205.634 	-5602.111 	-5469.989 	-21.937 	-97.704 	-94.588 	
101.419 	-1524.953 	1.299 	5.849 	18.370 	18.115 	
260.048 	-1485.398 	68.537 	35.777 	-26.684 	-5.017 	
79.937 	-1429.726 	28.177 	27.016 	-8.998 	-40.417 	
2413.046 	2055.983 	-6889.166 	51.053 	52.287 	-160.215 	
44.771 	-1753.582 	157.448 	12.171 	-7.733 	-11.843 	
1366.722 	-2900.545 	813.285 	12.361 	-72.194 	19.532 	
492.700 	-1733.283 	-3938.648 	1.058 	-37.437 	-92.985 	
391.260 	-4016.333 	-3141.967 	3.951 	-121.996 	-124.691 	
-2578.769 	-971.787 	2019.231 	-44.441 	-21.521 	36.823 	
49.333 	-1152.318 	-35.348 	0.894 	-49.340 	-2.305 	
2380.009 	-2886.614 	297.666 	31.466 	-58.056 	7.830 	
287.287 	-7092.676 	2858.458 	12.968 	-296.930 	143.085 	
214.130 	-2678.829 	290.089 	-26.920 	-46.501 	5.950 	
98.396 	-1428.048 	121.445 	45.209 	-8.964 	-16.613 	
64.795 	-1389.162 	-36.681 	23.887 	-25.301 	15.376 	
23.264 	-1375.800 	-95.082 	14.459 	-2.676 	0.331 	
3511.295 	-8224.507 	4514.741 	70.845 	-163.206 	89.570 	
-7709.698 	-18046.887 	-19636.028 	-194.938 	-432.414 	-477.300 	
-32.029 	-1419.356 	30.345 	-31.475 	-9.705 	3.161 	
9.159 	-1241.261 	43.562 	18.102 	4.210 	2.065 	
-451.852 	-2246.137 	235.823 	-25.922 	-29.565 	-4.044 	
-5432.867 	-15253.428 	-6745.355 	-101.824 	-287.711 	-127.268 	
1079.053 	-3825.626 	6982.746 	19.906 	-85.193 	162.633 	
641.016 	-2476.342 	153.445 	-13.623 	-34.593 	-6.410 	
-720.818 	431.941 	2374.629 	-39.152 	55.339 	91.899 	
401.517 	-1399.359 	47.141 	-9.976 	-40.109 	-7.492 	
567.946 	-941.591 	-207.927 	37.279 	-37.590 	-3.224 	
-170.251 	-1568.508 	-25.897 	-3.251 	10.701 	-25.797 	
358.924 	-1217.166 	-217.784 	-8.134 	7.867 	1.716 	
484.504 	-1278.498 	-51.094 	15.072 	-47.364 	-4.199 	
451.796 	-905.565 	-46.880 	25.541 	-46.222 	8.089 	
200.543 	-1414.821 	379.190 	3.695 	-6.833 	-4.605 	
-39.723 	-1936.798 	259.972 	-9.996 	-9.092 	31.474 	
1412.824 	-2350.132 	34.299 	0.638 	-57.181 	3.335 	
6891.877 	6064.241 	1993.556 	131.228 	113.473 	37.753 	
579.543 	-3180.828 	-440.737 	-11.308 	-67.858 	-6.942 	
223.036 	-1487.105 	282.983 	-9.311 	-11.967 	-31.501 	
6922.084 	-5444.763 	815.304 	134.312 	-109.695 	20.571 	
529.532 	-2751.504 	-577.620 	-10.816 	-58.666 	-7.888 	
663.129 	-11160.715 	-9290.696 	12.059 	-204.682 	-168.830 	
275.616 	-3373.580 	-41.237 	-9.789 	-59.756 	-0.468 	
124.874 	-1558.714 	49.159 	17.539 	-23.010 	-25.016 	
613.792 	566.572 	-986.275 	11.712 	0.293 	-14.158 	
-7240.483 	-20167.286 	38926.892 	-146.626 	-400.890 	777.144 	
475.755 	-1450.998 	-44.062 	6.679 	-0.509 	-7.619 	
134.083 	-1594.250 	-76.023 	1.130 	-8.404 	-6.345 	
9927.652 	5773.852 	-6360.059 	193.327 	111.564 	-123.028 	
45.917 	-1330.271 	-200.836 	14.867 	2.407 	16.443 	
-5.839 	12.186 	1473.573 	6.780 	-9.244 	17.270 	
-131.776 	-1516.013 	-86.184 	8.313 	12.406 	-26.000 	
170.928 	994.885 	-1487.157 	10.253 	8.682 	-20.556 	
2774.854 	781.742 	-1775.831 	150.215 	123.945 	-101.011 	
280.314 	-1144.357 	-340.643 	-9.246 	-39.365 	-0.944 	
536.203 	-1218.256 	102.707 	-9.501 	-63.183 	3.868 	
-2644.779 	-3080.803 	2862.393 	-173.410 	-107.965 	176.230 	
128.457 	-1472.683 	101.150 	25.998 	32.398 	-15.061 	
-14406.816 	1031.657 	-4820.729 	-266.884 	19.152 	-88.768 	
406.467 	-1351.995 	-159.451 	-19.495 	10.111 	9.058 	
11914.870 	-2783.452 	12620.896 	220.663 	-51.509 	233.853 	
219.643 	-1327.294 	-44.797 	-2.409 	-7.414 	-29.490 	
-888.828 	-258.695 	1345.256 	-27.593 	3.807 	45.810 	
51.463 	-1361.683 	-29.238 	-35.151 	11.680 	34.315 	
94.840 	-1580.087 	-141.089 	19.892 	-3.228 	-23.606 	
-151.626 	-1413.390 	-69.499 	-16.767 	8.487 	-5.598 	
446.982 	-1566.594 	558.543 	-7.887 	-39.384 	18.277 	
-344.174 	-1838.851 	148.955 	-37.456 	-18.070 	23.042 	
592.056 	-804.656 	29.074 	12.198 	-42.935 	4.231 	
1012.270 	-1602.912 	-5.138 	23.816 	-23.761 	-4.469 	
52.870 	-1781.849 	-140.271 	-14.135 	-30.801 	-12.205 	
322.794 	-1113.175 	-26.316 	-13.504 	-46.359 	4.768 	
213.859 	-1482.228 	76.253 	12.364 	5.144 	-0.210 	
548.857 	-1289.145 	57.933 	24.583 	-64.870 	-16.098 	
9115.924 	-8422.950 	2507.697 	186.251 	-173.841 	55.347 	
61.412 	-2878.971 	-54.314 	-35.062 	-53.076 	2.631 	
479.652 	-417.762 	-3536.654 	13.033 	-8.070 	-56.011 	
92.291 	-1437.860 	145.205 	-11.008 	-34.153 	12.681 	
-263.099 	-1448.788 	659.101 	-9.273 	-26.627 	-8.368 	
279.442 	-2152.327 	-264.132 	-40.729 	-47.198 	-1.674 	
571.478 	11071.191 	10678.454 	5.275 	307.534 	289.660 	
109.531 	-1633.541 	-107.393 	25.520 	20.639 	-27.950 	
299.989 	-1023.574 	12.566 	1.014 	-67.075 	-21.370 	
-193.785 	-643.159 	-1222.567 	13.557 	-20.621 	-8.652 	
96.348 	-1457.149 	-125.725 	39.910 	-1.836 	-40.387 	
243.861 	-1323.576 	-198.166 	1.884 	-24.257 	4.856 	
224.043 	-1515.855 	21.836 	26.664 	-33.288 	-9.010 	
583.564 	-14505.200 	-8669.191 	5.536 	-384.224 	-233.428 	
299.109 	-1412.485 	31.256 	19.122 	-10.944 	8.819 	
-1717.964 	-3236.274 	675.178 	-70.905 	-77.632 	21.714 	
-95.658 	-1539.372 	925.177 	-14.098 	-17.180 	40.433 	
-117.896 	-2758.121 	3.758 	-40.523 	-59.662 	8.561 	
-28.305 	-2015.069 	-182.669 	-15.578 	-15.875 	21.472 	
-151.002 	-2031.392 	-64.972 	-23.795 	-10.607 	-8.707 	
1473.564 	908.353 	-1069.108 	32.154 	61.076 	-35.234 	
-378.345 	-2239.598 	148.960 	-40.497 	-31.126 	-12.381 	
268.349 	-1467.164 	111.739 	-30.614 	-67.019 	4.232 	
-1076.416 	10608.682 	1260.340 	-20.775 	189.561 	23.098 	
1189.518 	-1115.832 	-130.924 	8.574 	-17.431 	-2.821 	
194.350 	-1388.596 	20.128 	-6.205 	-11.485 	3.634 	
1179.315 	-2122.833 	-39.044 	-3.645 	-59.941 	4.145 	
-329.765 	-7448.789 	1405.912 	-26.457 	-242.796 	55.140 	
572.294 	-1110.641 	-38.774 	6.933 	-54.056 	-4.127 	
680.441 	-2521.266 	423.360 	-17.288 	-50.382 	7.598 	
1678.523 	6193.223 	7515.856 	34.087 	130.595 	158.827 	
45.112 	-1774.746 	84.248 	-22.875 	17.868 	2.504 	
-120.855 	-2623.472 	-137.547 	-20.187 	-38.228 	-13.738 	
-4378.303 	4047.455 	1601.039 	-90.259 	80.414 	34.206 	
276.445 	-2504.735 	425.560 	-15.174 	-52.375 	11.474 	
511.467 	-470.629 	-159.943 	11.180 	-17.537 	-15.520 	
453.967 	-267.218 	76.758 	12.198 	-15.211 	13.036 	
436528.341 	105912.051 	100750.619 	8125.858 	1972.107 	1874.604 	
307.003 	-1161.758 	346.220 	-1.455 	142.923 	151.468 	
-38.199 	-1517.107 	-306.047 	10.812 	-5.831 	12.137 	
133.812 	-1399.763 	-40.057 	17.718 	15.149 	34.153 	
-596.240 	-2532.844 	-237.053 	-33.568 	-49.038 	4.581 	
-377.430 	-1699.243 	-97.620 	-12.234 	-33.370 	-2.520 	
1734.125 	2632.007 	-2859.548 	31.533 	42.562 	-45.944 	
622.879 	5094.331 	-3318.342 	28.524 	284.209 	-151.090 	
523.021 	-409.665 	4606.986 	25.943 	61.397 	365.036 	
67.183 	-1587.896 	-6.806 	-6.494 	-16.556 	23.944 	
1459.900 	562.764 	-2144.679 	28.555 	3.974 	-29.526 	
4732.735 	1901.895 	5741.679 	91.089 	36.329 	110.646 	
158.529 	-1634.792 	-201.145 	-3.206 	24.711 	11.247 	
-38.932 	285.873 	-208.921 	2.975 	-11.476 	-0.249 	
125.569 	-1725.704 	184.235 	-10.850 	-1.098 	-33.345 	
155.300 	-1614.624 	-25.054 	-11.442 	-0.811 	14.665 	
162.426 	-1504.767 	39.215 	9.425 	18.402 	-37.222 	
-579.101 	-1374.053 	1714.970 	2.147 	-23.720 	17.708 	
222.981 	-1395.111 	-110.625 	-17.650 	26.881 	-11.083 	
3541.933 	-4312.096 	-1950.844 	82.676 	-99.696 	-48.514 	
-12862.697 	-10777.583 	10598.951 	-257.710 	-213.647 	211.484 	
53.216 	-1266.835 	189.911 	9.133 	-16.724 	3.340 	
-260.880 	-1703.949 	169.707 	-13.609 	-13.248 	1.671 	
-26.482 	2734.461 	-361.389 	-16.585 	136.100 	-10.058 	
-155300.272 	-154089.551 	-104106.490 	-3418.740 	-3387.971 	-2289.170 	
311.982 	-391.587 	3220.203 	-2.209 	-6.495 	70.314 	
-229.482 	-2660.185 	-615.668 	-9.824 	-47.879 	3.157 	
2775.379 	-3582.228 	-7765.758 	53.922 	-68.428 	-151.608 	
-244.388 	-1639.567 	-15.559 	-13.769 	-1.098 	-29.446 	
-322.347 	-2266.974 	174.332 	-40.987 	-18.342 	2.612 	
-479.014 	-2082.720 	153.317 	-46.869 	-48.948 	-6.664 	
-157.192 	-244.016 	-358.087 	12.675 	1.293 	-13.393 	
7716.506 	14489.977 	10076.353 	146.321 	273.583 	190.196 	
-49.419 	-2108.218 	583.211 	-10.886 	-30.033 	26.034 	
208.966 	-2251.298 	-372.950 	-6.771 	-27.519 	-24.871 	
1491.294 	2450.525 	-1938.003 	24.772 	36.774 	-30.470 	
83.797 	-1458.592 	-54.058 	5.339 	-10.386 	-7.415 	
-4469.397 	4339.246 	3485.048 	-79.963 	76.014 	62.805 	
1177.109 	-783.673 	-389.242 	24.409 	-21.203 	2.814 	
-86.215 	-2836.055 	140.583 	-19.356 	-48.971 	0.608 	
119.351 	-1247.285 	12.563 	-1.688 	-11.175 	4.360 	
-1402.010 	4882.883 	5395.364 	-28.317 	97.967 	105.925 	
192.633 	-1178.362 	-455.010 	5.812 	-42.348 	-4.879 	
81.674 	-710.037 	-325.382 	-5.660 	24.747 	-16.136 	
3338.834 	-1141.581 	1487.509 	70.754 	-24.906 	32.795 	
-1995.159 	-2981.629 	-4581.362 	-37.319 	-56.836 	-85.778 	
-2473.407 	-3866.680 	1305.393 	-40.535 	-70.337 	23.033 	
3524.942 	-1445.366 	1848.732 	62.070 	-27.200 	24.415 	
3384.253 	-2057.830 	810.061 	51.829 	-44.178 	13.404 	
11730.947 	8248.761 	-8417.877 	231.885 	165.144 	-166.822 	
-65.508 	-1411.052 	-16.399 	6.876 	-36.252 	-20.689 	
162.662 	-1592.830 	214.365 	17.537 	12.196 	36.275 	
597.489 	-951.324 	-106.043 	4.686 	-39.247 	-10.810 	
278.387 	-1537.885 	-331.766 	4.956 	-12.921 	-12.501 	
1712.453 	-1902.532 	5754.161 	34.651 	-36.641 	111.701 	
67.641 	-1471.999 	-13.192 	-1.517 	39.855 	-60.055 	
-111.337 	-1529.081 	-133.432 	-16.723 	-6.645 	-2.897 	
219.247 	-1392.515 	-56.719 	4.503 	15.920 	32.127 	
-2210.508 	-387.261 	18.342 	-102.765 	24.873 	-1.635 	
549.074 	-1798.787 	-347.436 	-16.642 	-17.922 	-40.757 	
5545.741 	-6040.426 	-3456.410 	114.172 	-125.665 	-69.529 	
20.632 	-1417.882 	-1341.474 	-10.105 	-9.578 	-72.316 	
3726.555 	815.179 	-11646.718 	75.547 	18.193 	-236.011 	
49.474 	-1505.901 	-79.941 	15.433 	-25.664 	12.260 	
0.299 	-1470.652 	-56.764 	-12.189 	-30.099 	4.115 	
396.374 	-1150.699 	17.467 	-11.233 	-24.158 	-0.236 	
14.286 	-1466.998 	-190.307 	-3.230 	-26.237 	2.187 	
685.822 	-2326.954 	-863.141 	-1.810 	-46.357 	-14.956 	
37.530 	-1150.520 	44.918 	-15.534 	-1.094 	26.726 	
975.993 	-2642.883 	418.346 	-7.217 	-65.792 	4.566 	
147.330 	-1266.962 	-22.696 	25.709 	-28.629 	12.978 	
3.109 	-1343.940 	11.349 	15.622 	23.184 	17.772 	
189.184 	-1276.651 	60.321 	18.928 	-8.040 	9.827 	
185.454 	-2721.645 	-37.199 	-25.213 	-53.008 	10.115 	
8197.558 	14229.317 	-39874.584 	161.198 	284.928 	-794.067 	
13284.903 	13662.063 	18574.308 	315.155 	338.116 	451.160 	
160261.981 	156087.307 	103709.708 	3524.492 	3436.753 	2283.341 	
-435975.511 	-105533.000 	-110131.607 	-8113.917 	-1963.481 	-2050.511 	
1856.342 	-2471.624 	-326.076 	22.423 	-62.581 	-8.487 	
-185.833 	197.631 	-129.268 	2.211 	13.888 	-14.812 	
402.736 	-1944.822 	-836.015 	6.284 	-43.193 	-13.044 	
745.328 	-1193.898 	95.580 	26.816 	-37.712 	21.418 	
347.537 	-1265.846 	-78.192 	0.558 	-44.835 	44.616 	
368.658 	-1420.921 	-183.609 	-8.843 	-40.619 	17.498 	
-15012.577 	2568.736 	4498.584 	-285.644 	46.302 	80.928 	
-3439.395 	-14145.116 	-3563.043 	-81.715 	-274.183 	-72.330 	
2136.126 	-11560.514 	4013.655 	26.960 	-221.674 	78.540 	
542.169 	-1111.670 	235.341 	-3.806 	-51.240 	12.701 	
597.761 	-2175.197 	267.200 	-5.073 	-28.707 	24.272 	
271.895 	-1482.480 	-35.974 	16.086 	-48.068 	-30.252 	
350.994 	-1506.652 	134.620 	13.033 	-54.665 	-6.673 	
3078.445 	5304.708 	3824.883 	118.837 	261.002 	166.556 	
455.529 	-1330.707 	76.569 	1.495 	-60.998 	-12.156 	
125.352 	-1587.335 	141.563 	32.119 	-77.105 	20.088 	
-5640.186 	-2027.886 	2028.685 	-174.553 	-43.563 	57.161 	
388.996 	-1690.284 	-50.271 	-23.012 	-43.233 	-28.212 	
132.814 	-2411.354 	-6014.643 	-129.650 	-465.913 	-3001.889 	
281.875 	-1263.292 	-375.526 	-15.712 	-55.000 	4.224 	
447.819 	-1368.366 	75.021 	-14.400 	-44.053 	37.675 	
961.685 	824.278 	2956.775 	27.795 	51.843 	102.971 	
430.112 	-1482.450 	-80.910 	-35.554 	-129.426 	11.516 	
-17653.047 	-147412.532 	8309.822 	-420.620 	-3386.429 	193.186 	
362.517 	-854.292 	-45.064 	-8.311 	-57.739 	-6.261 	
303.412 	-1022.946 	29.766 	1.306 	-46.416 	4.203 	
39.954 	-595.532 	-70.736 	11.751 	3.586 	-1.742 	
50.676 	-1325.714 	40.487 	1.194 	-39.587 	34.011 	
-1373.168 	-7348.872 	-536.426 	-41.446 	-145.630 	-13.584 	
1588.526 	1932.093 	-1487.546 	11.294 	30.078 	-24.100 	
10110.424 	-11785.917 	5010.893 	190.795 	-231.795 	100.035 	
66.142 	-1478.425 	-11.065 	-29.030 	-58.342 	-18.734 	
96.363 	-2001.706 	-88.295 	-4.856 	-59.905 	-3.253 	
344.062 	-1620.029 	341.857 	-4.640 	-44.175 	-23.473 	
5475.524 	-4402.594 	3080.317 	85.492 	-76.853 	54.644 	
34.074 	-1006.959 	-727.238 	14.360 	-3.598 	3.550 	
1891.407 	6047.356 	9536.462 	26.697 	130.940 	195.438 	
-128.184 	-1656.282 	-247.725 	-12.349 	-11.466 	-5.187 	
-3887.441 	-6422.362 	6521.963 	-84.800 	-116.009 	118.096 	
326.543 	-1642.029 	-8.303 	-15.595 	-50.512 	20.425 	
600.677 	-1285.019 	32.243 	-11.161 	-45.975 	-17.717 	
784.093 	-67.935 	292.379 	21.564 	-2.637 	10.158 	
511.520 	-1091.128 	24.749 	-16.076 	-54.669 	-32.698 	
-2840.649 	-2008.394 	-1222.269 	-62.652 	-29.625 	-21.357 	
3975.122 	-4878.012 	-9958.602 	108.648 	-124.705 	-285.231 	
5606.793 	2429.557 	1940.256 	100.819 	55.044 	38.587 	
-77.996 	-4639.175 	-1703.154 	-16.906 	-76.628 	-26.690 	
684.113 	-1296.354 	84.519 	2.127 	-45.915 	-1.983 	
29.869 	-1483.090 	157.349 	-0.357 	-3.228 	-26.692 	
1872.626 	-2738.014 	82.107 	12.779 	-41.463 	0.881 	
-574.150 	355.284 	-2172.048 	-20.479 	25.059 	-56.639 	
230.119 	-1587.605 	-147.447 	5.533 	-87.047 	21.557 	
-10342.919 	18097.891 	-1559.169 	-223.668 	372.713 	-32.803 	
3126.633 	-4909.925 	4122.294 	72.283 	-110.482 	103.605 	
-311.798 	-1708.199 	-27.390 	-45.628 	-17.887 	4.174 	
835.208 	-944.754 	-126.442 	20.345 	-40.927 	-16.111 	
4663.902 	3282.082 	-12690.689 	145.649 	125.824 	-413.010 	
4612.160 	-658.286 	-2802.215 	124.834 	-4.243 	-82.254 	
857.392 	-1180.133 	408.202 	159.719 	32.977 	63.729 	
780.533 	-1170.600 	-31.915 	8.749 	-50.187 	-16.060 	
1076.914 	2623.337 	-241.621 	20.774 	86.509 	-9.314 	
-1321.631 	-3967.671 	-3413.389 	-39.395 	-71.999 	-66.252 	
326.073 	-1365.219 	-129.309 	32.262 	-56.352 	-0.804 	
49.166 	-2378.968 	-43.135 	-11.093 	-10.049 	-4.753 	
121.219 	-149.999 	-632.486 	-8.309 	-5.850 	4.859 	
-41957.450 	-39505.176 	-177611.398 	-1217.647 	-1122.846 	-5126.219 	
-984.663 	1628.765 	-900.834 	-14.145 	28.882 	-17.409 	
863.979 	-1718.779 	-230.896 	7.080 	-14.275 	-12.297 	
175.580 	-1512.373 	-69.013 	-12.239 	-47.893 	17.223 	
-721.765 	-1187.812 	2029.374 	-27.063 	-18.191 	20.572 	
527.492 	-866.423 	-157.695 	21.845 	-47.291 	-21.433 	
337.718 	-1363.427 	14.390 	-50.502 	-24.686 	9.188 	
293.937 	-705.353 	863.226 	7.290 	-14.195 	6.797 	
594.430 	-1382.908 	-123.622 	7.946 	-57.743 	19.575 	
473.045 	-1337.942 	-74.390 	15.462 	-56.792 	27.904 	
364.553 	-1459.326 	0.423 	0.197 	-77.667 	-3.187 	
-684.895 	3336.176 	-188.344 	-23.606 	109.339 	-5.135 	
15146.537 	2980.777 	-16673.088 	409.690 	98.287 	-455.612 	
262.719 	-1611.198 	54.848 	-29.735 	-30.285 	-12.039 	
413.017 	-1341.636 	-54.322 	1.750 	-60.634 	12.817 	
983.605 	-850.968 	-184.522 	32.928 	-30.293 	9.174 	
118.809 	-1580.985 	-36.103 	-6.485 	31.162 	-15.428 	
278.658 	-1653.783 	-183.442 	-33.542 	-15.296 	-7.314 	
5556.083 	413.194 	-415.358 	98.501 	11.875 	-9.301 	
-1778.112 	-6661.434 	-1194.110 	-48.722 	-132.621 	-22.707 	
107.991 	-1596.870 	32.963 	-34.381 	-30.224 	-1.381 	
413.139 	-1342.389 	48.096 	6.442 	-53.233 	28.724 	
-63.092 	-1684.843 	-21.023 	8.152 	17.955 	-13.448 	
296.507 	-1412.706 	-294.318 	-15.768 	-43.531 	5.372 	
397.548 	-2212.954 	-497.019 	31.017 	-217.195 	-131.811 	
410.886 	-2649.860 	4060.529 	-3.003 	-48.684 	87.025 	
282.877 	-1612.305 	-18.272 	7.493 	-14.844 	27.134 	
2018.971 	-1575.905 	1.995 	31.579 	-19.708 	-0.814 	
-5757.356 	4797.948 	-4101.337 	-127.860 	97.769 	-78.849 	
-2126.469 	-8535.667 	-5559.758 	-104.551 	-333.803 	-236.513 	
122.291 	-1721.366 	-155.823 	-12.734 	-10.231 	5.946 	
650.921 	-1206.766 	-64.113 	14.784 	-24.360 	16.814 	
773.825 	-1597.486 	-110.666 	-3.746 	-32.489 	6.723 	
219.777 	-1282.775 	27.368 	-15.220 	-51.140 	-7.397 	
-2495.699 	-546.591 	2299.469 	-61.131 	-2.231 	45.011 	
234.020 	-1500.871 	76.998 	-14.435 	-40.948 	13.270 	
-1968.670 	-2229.263 	1165.209 	-92.871 	-68.759 	52.714 	
-791.737 	-2802.758 	-796.623 	-16.789 	-37.310 	-6.147 	
1871.603 	179.570 	-1369.553 	40.361 	15.910 	-35.508 	
-136.879 	-858.293 	-12.978 	29.968 	-24.494 	-6.190 	
225.356 	-1517.218 	-88.108 	-9.792 	-62.702 	9.617 	
-657.498 	-466.494 	-221.155 	-28.090 	-8.973 	-15.281 	
138.168 	-1588.614 	25.164 	-16.653 	-16.544 	-20.716 	
80.890 	-1234.757 	-6.176 	20.252 	-41.908 	12.565 	
285.735 	-7826.355 	-11134.657 	-6.236 	-154.477 	-229.647 	
446.073 	-1649.427 	-61.018 	5.582 	-24.262 	-8.351 	
-13610.780 	6836.498 	-8994.529 	-286.609 	143.020 	-181.457 	
133.431 	-825.868 	-381.108 	-4.459 	-25.846 	14.103 	
179.421 	-1646.286 	-101.623 	-49.226 	-7.736 	-12.310 	
-1836.670 	-5311.487 	12339.305 	-65.856 	-153.784 	401.212 	
190.770 	-1704.687 	-31.830 	4.458 	-113.378 	37.811 	
90.294 	-1622.392 	-127.173 	-13.939 	-46.349 	16.835 	
494.414 	-717.000 	6067.075 	50.601 	377.909 	3016.045 	
89.633 	-800.564 	-519.691 	-8.375 	-33.601 	-2.316 	
145.254 	-712.582 	51.388 	30.885 	-7.278 	21.416 	
1973.578 	5056.396 	-4388.819 	30.189 	115.008 	-96.572 	
481.035 	-1376.921 	-86.877 	32.330 	12.357 	3.347 	
12744.958 	-5840.176 	-3202.659 	216.636 	-105.254 	-57.629 	
-16245.943 	-34436.367 	44786.365 	-462.951 	-943.807 	1249.474 	
350.589 	-1242.363 	-27.009 	23.656 	-57.267 	21.914 	
-374.911 	-1057.766 	189.753 	12.797 	-18.740 	-10.309 	
-664.538 	-1278.946 	-878.910 	-14.385 	-23.129 	-10.273 	
-244.835 	-1501.479 	-48.321 	2.127 	-6.931 	0.685 	
437.216 	-1520.590 	-264.003 	12.111 	-46.083 	12.292 	
-7183.504 	-2479.266 	-1936.724 	-140.384 	-43.090 	-31.443 	
4621.906 	19056.427 	-18110.182 	71.569 	352.688 	-334.939 	
1687.436 	165.351 	-3472.413 	18.046 	0.771 	-59.286 	
2483.556 	-993.890 	-495.694 	93.051 	-16.422 	-15.347 	
-63.938 	-878.742 	-135.606 	30.407 	-26.131 	-3.068 	
-177.159 	-746.943 	-59.444 	18.421 	-24.550 	12.196 	
342.142 	-1332.559 	28.044 	-30.560 	-52.972 	-45.444 	
245.624 	-1812.429 	-247.149 	-24.375 	-27.319 	5.896 	
-277.355 	-1802.742 	-19.619 	-18.697 	-20.414 	-1.523 	
625.366 	-1295.937 	40.888 	10.924 	-58.192 	26.424 	
702.317 	-1457.767 	351.867 	39.857 	-82.700 	56.278 	
-78.444 	-1578.445 	140.181 	-30.736 	-15.062 	-4.037 	
283.985 	-1398.451 	148.245 	9.579 	-9.285 	-11.903 	
3765.657 	-514.820 	4781.132 	65.889 	-6.387 	99.982 	
88.623 	-1927.828 	-79.492 	4.468 	12.139 	25.253 	
404.495 	9298.343 	-853.421 	-5.902 	189.540 	-19.062 	
2864.342 	-724.561 	-3557.961 	34.184 	-12.162 	-61.931 	
1068.959 	-2690.729 	-284.518 	28.345 	-88.535 	-13.307 	
627.055 	-429.244 	298.698 	6.440 	1.326 	-10.345 	
107.571 	-1398.557 	-180.614 	-22.959 	-6.367 	-13.178 	
277.427 	-1987.901 	-189.948 	-15.484 	-25.464 	-4.111 	
493.481 	-1213.365 	258.589 	16.440 	-54.757 	4.269 	
620.995 	-1190.634 	210.679 	4.204 	-51.914 	13.618 	
532.878 	-1150.855 	70.211 	11.875 	-47.431 	12.093 	
531.690 	-167.488 	-860.855 	10.013 	-10.861 	-17.490 	
-8757.947 	5280.578 	-5887.554 	-236.333 	153.520 	-155.328 	
334.714 	-1636.350 	55.867 	-23.468 	-50.671 	-0.780 	
235.253 	-1639.934 	-146.173 	13.155 	-7.653 	-6.307 	
380.285 	-1687.942 	-219.683 	-0.557 	-40.787 	-20.805 	
553.575 	-305.961 	-461.216 	24.120 	-9.219 	-4.162 	
354.534 	-888.459 	-307.536 	10.704 	-41.873 	-6.413 	
235.356 	-826.402 	-521.189 	7.968 	-44.971 	-13.408 	
187.745 	-1532.758 	21.871 	12.089 	-86.262 	4.279 	
825.069 	-741.912 	-79.915 	32.181 	-20.462 	-6.071 	
499.861 	-1557.312 	210.061 	19.995 	-33.101 	-24.656 	
-1139.638 	-746.219 	3632.007 	-34.390 	-8.541 	67.964 	
6820.873 	-19671.974 	4935.872 	125.487 	-395.413 	99.280 	
-4356.224 	-6668.333 	6506.515 	-106.383 	-138.852 	142.417 	
88.331 	-953.894 	356.936 	8.372 	-26.906 	9.721 	
225.888 	-1273.335 	4.859 	-47.994 	-31.607 	-47.560 	
-99.078 	-2196.816 	-9.664 	-18.395 	-19.192 	9.225 	
466.489 	-1097.545 	-342.851 	-19.596 	-29.708 	4.357 	
170.510 	-2163.149 	236.243 	-10.738 	-56.406 	0.971 	
258.284 	-1322.807 	52.398 	-31.346 	-67.831 	-38.277 	
-368.124 	-2399.768 	-196.989 	-38.457 	-32.209 	-4.438 	
235.508 	-1339.485 	144.781 	-11.499 	-64.126 	-11.365 	
-2862.600 	917.917 	12145.417 	-87.361 	41.211 	348.173 	
40613.457 	39979.664 	174910.473 	1164.822 	1170.578 	5045.310 	
-3886.039 	1436.439 	807.132 	-126.745 	65.471 	22.680 	
4213.893 	-7562.197 	2057.451 	99.847 	-179.292 	52.279 	
-433.439 	-2217.920 	41.160 	-29.033 	-28.448 	9.019 	
307.649 	-1333.626 	23.210 	-0.889 	-45.448 	-19.266 	
1473.406 	-1741.081 	355.115 	16.455 	-27.423 	7.678 	
114.086 	-2016.380 	-1036.019 	-12.646 	-21.606 	0.010 	
-202.891 	-3322.677 	-4968.875 	-31.628 	-170.038 	-394.780 	
802.008 	-1630.191 	-5340.404 	1.727 	-24.989 	-102.976 	
435.913 	-1257.807 	70.607 	-15.696 	-53.372 	-23.476 	
282.621 	-1398.780 	-81.889 	25.273 	-15.917 	9.351 	
271.115 	-1640.451 	115.227 	-2.937 	12.024 	-11.540 	
812.890 	-1781.328 	541.676 	42.749 	-59.665 	53.257 	
572.591 	-1237.045 	98.196 	12.827 	3.026 	2.459 	
-6882.896 	-11570.637 	9009.125 	-152.603 	-230.130 	183.770 	
675.275 	-1265.237 	-427.874 	3.162 	-49.222 	-1.494 	
365.151 	-1600.503 	-212.130 	-24.872 	-1.522 	2.846 	
7290.086 	1653.864 	-60.912 	120.679 	29.419 	-1.323 	
319.200 	-1280.613 	14.427 	-31.148 	5.404 	-13.842 	
208.838 	-1366.589 	85.487 	-37.404 	-35.065 	-6.184 	
-1724.376 	-9769.743 	-1167.360 	-56.257 	-256.905 	-30.635 	
-179.456 	-2068.956 	-974.664 	-4.743 	-42.029 	-20.989 	
163.906 	-1936.289 	328.971 	4.360 	-53.549 	31.017 	
398.402 	-1194.653 	120.275 	0.084 	-23.369 	14.562 	
288.372 	-1500.652 	-217.910 	-13.998 	-35.274 	-4.899 	
408.455 	-1296.156 	118.585 	17.371 	-58.123 	-22.443 	
-1833.676 	-2013.585 	-469.801 	-29.202 	-23.760 	-4.462 	
647.632 	-571.209 	-319.159 	-1.556 	-24.398 	3.122 	
278.499 	-2296.063 	1099.721 	-14.935 	-21.038 	5.434 	
239.365 	-1678.768 	-277.945 	0.691 	-51.170 	-22.254 	
182.491 	-1601.706 	-43.395 	-67.669 	-10.468 	13.511 	
125.082 	-1806.320 	-270.242 	-16.605 	-21.881 	16.134 	
158.001 	-1715.080 	666.753 	11.186 	-34.949 	-4.579 	
425.553 	-1332.182 	-41.670 	24.972 	-40.663 	-27.603 	
-11750.731 	-20962.635 	16829.434 	-231.343 	-387.499 	311.234 	
4252.031 	1545.887 	-2124.391 	69.796 	34.216 	-40.755 	
421.721 	-2261.492 	-215.305 	-20.581 	-48.797 	-12.649 	
1176.139 	-1752.855 	1775.945 	14.104 	-25.668 	31.070 	
-1375.506 	3328.106 	126.237 	-47.431 	117.200 	4.941 	
-261.247 	-1636.539 	-51.411 	-9.763 	-6.115 	11.621 	
-881.600 	952.636 	-902.184 	-23.737 	29.962 	-18.656 	
13373.474 	13806.509 	-10444.467 	266.624 	296.190 	-218.993 	
-60.181 	-1096.149 	-249.585 	-27.896 	-5.641 	-9.008 	
70.479 	-1314.733 	97.618 	4.096 	-67.488 	26.393 	
247.037 	-7113.305 	7397.876 	-8.814 	-136.782 	151.791 	
736.873 	-1464.318 	148.405 	-15.214 	-21.590 	15.771 	
0.927 	-1473.654 	-54.588 	-4.549 	53.550 	4.441 	
-103.503 	-1709.467 	51.736 	-10.280 	-6.466 	7.262 	
34.616 	-228.801 	-328.274 	3.455 	-12.279 	-3.397 	
-15829.328 	-18537.716 	17716.835 	-344.216 	-380.443 	370.213 	
398.525 	-1306.304 	-97.819 	-53.322 	-27.994 	-19.535 	
45.181 	-1589.931 	3.301 	-1.269 	-42.792 	17.096 	
995.006 	-856.532 	221.279 	6.456 	-16.944 	-6.753 	
31.198 	-1057.335 	-224.330 	-84.279 	-11.957 	-48.949 	
-54236.056 	97682.076 	11032.427 	-1387.941 	2495.531 	279.993 	
14905.496 	34195.573 	-44462.806 	405.136 	968.680 	-1237.534 	
-4671.758 	-8032.191 	-1196.176 	-111.679 	-165.543 	-28.641 	
166.914 	-2495.871 	-94.120 	12.999 	-39.561 	8.454 	
3252.647 	11185.769 	-269.360 	83.011 	328.964 	-5.771 	
207.880 	-1519.301 	-42.046 	-7.613 	-48.072 	51.831 	
2232.611 	-7667.287 	-298.373 	30.630 	-137.940 	-7.538 	
1432.892 	-560.495 	762.684 	64.454 	-3.888 	20.423 	
21950.664 	141083.064 	-8935.417 	491.997 	3261.657 	-204.209 	
382.224 	-593.116 	-608.010 	26.381 	-13.608 	-19.540 	
16.018 	-1373.564 	108.032 	9.611 	-7.683 	8.881 	
4046.550 	-3669.018 	-3772.993 	79.495 	-70.917 	-84.159 	
269.484 	-1361.989 	-77.332 	-36.805 	-63.516 	-14.114 	
-840.077 	-1797.310 	-416.342 	-221.017 	-107.331 	-117.634 	
3111.435 	2843.288 	-7151.620 	57.335 	69.976 	-157.761 	
400.830 	-1690.253 	167.707 	6.017 	-42.507 	-16.963 	
-257.010 	-2452.430 	418.075 	0.176 	-25.937 	-2.374 	
-14338.574 	-5204.251 	17236.184 	-397.556 	-125.813 	472.657 	
1991.243 	-1156.144 	-5528.252 	56.320 	-18.208 	-171.836 	
53966.550 	-99151.076 	-7946.331 	1359.764 	-2502.880 	-201.951 	
459.677 	-1322.796 	68.634 	-34.667 	-8.593 	-8.414 	
